,method,dataset,runs,nb_samples,learning_streams,learning_rate,nb_trees,max_depth,use_dp,real_eps,alpha,rho,sigma,privacy_budget,train_auc_mean,train_auc_std,train_accuracy_mean,train_accuracy_std,train_untuned_accuracy_mean,train_untuned_accuracy_std,train_rmse_mean,train_rmse_std,test_auc_mean,test_auc_std,test_accuracy_mean,test_accuracy_std,test_untuned_accuracy_mean,test_untuned_accuracy_std,test_rmse_mean,test_rmse_std,r1,glc,gdf,bal_p,l2_thr,hess_l2_thr,Q,use_pf,pf_add,add_trees,pf_l2_thr,pf_hess_l2_thr,pf_Q_factor,lambda,feature_val_u_border,init_ratio,init_thr,newton,cyclical_fi,refine_splits,rs_rounds,rs_subsample,ignore_split_constraints,random_splits_from_candidates,lambda_reg_mode,cut_off_leaf_denom,reg_delta,min_samples_split,split_pb_ratio
0,xgboost,abalone_size_4177,20,4177,0,0.1,400,3,0,0,0,0,0,0,0,0,0,0,0,0,2.12543,0.0471992,0,0,0,0,0,0,2.20389,0.109486,-1,0,0,0,0,0,1.0,0,0,0,0,0,1,1,0,0,0,0,0,0,-1,1,0,0,0,1,2,0,0
1,xgboost,abalone_size_4177,20,4177,0,0.2,300,2,0,0,0,0,0,0,0,0,0,0,0,0,2.13887,0.0443546,0,0,0,0,0,0,2.2109,0.112316,-1,0,0,0,0,0,1.0,0,0,0,0,0,1,1,0,0,0,0,0,0,-1,1,0,0,0,1,2,0,0
2,xgboost,abalone_size_4177,20,4177,0,0.3,50,5,0,0,0,0,0,0,0,0,0,0,0,0,2.12703,0.0307405,0,0,0,0,0,0,2.2044,0.114898,-1,0,0,0,0,0,1.0,0,0,0,0,0,1,1,0,0,0,0,0,0,-1,1,0,0,1,1,2,0,0
3,xgboost,abalone_size_4177,20,4177,0,0.3,200,2,0,0,0,0,0,0,0,0,0,0,0,0,2.12432,0.0452912,0,0,0,0,0,0,2.20825,0.116082,-1,0,0,0,0,0,1.0,0,0,0,0,0,1,1,0,0,0,0,0,0,-1,1,0,0,0,1,2,0,0
4,xgboost,abalone_size_4177,20,4177,0,0.2,150,5,0,0,0,0,0,0,0,0,0,0,0,0,2.11141,0.0484357,0,0,0,0,0,0,2.19441,0.109573,-1,0,0,0,0,0,1.0,0,0,0,0,0,1,1,0,0,0,0,0,0,-1,1,0,0,0,1,2,0,0
5,xgboost,abalone_size_4177,20,4177,0,0.3,500,2,0,0,0,0,0,0,0,0,0,0,0,0,2.12955,0.0490856,0,0,0,0,0,0,2.20644,0.108847,-1,0,0,0,0,0,1.0,0,0,0,0,0,1,1,0,0,0,0,0,0,-1,1,0,0,0,1,2,0,0
6,xgboost,abalone_size_4177,20,4177,0,0.3,150,5,0,0,0,0,0,0,0,0,0,0,0,0,2.07429,0.0668234,0,0,0,0,0,0,2.19337,0.113087,-1,0,0,0,0,0,1.0,0,0,0,0,0,1,1,0,0,0,0,0,0,-1,1,0,0,0,1,2,0,0
7,xgboost,abalone_size_4177,20,4177,0,0.1,200,3,0,0,0,0,0,0,0,0,0,0,0,0,2.12877,0.0383514,0,0,0,0,0,0,2.20302,0.113559,-1,0,0,0,0,0,1.0,0,0,0,0,0,1,1,0,0,0,0,0,0,-1,1,0,0,0,1,2,0,0
9,xgboost,abalone_size_4177,20,4177,0,0.1,10,5,0,0,0,0,0,0,0,0,0,0,0,0,8.56362,0.0251841,0,0,0,0,0,0,8.5631,0.100144,-1,0,0,0,0,0,1.0,0,0,0,0,0,1,1,0,0,0,0,0,0,-1,1,0,0,1,1,2,0,0
10,xgboost,abalone_size_4177,20,4177,0,0.3,50,6,0,0,0,0,0,0,0,0,0,0,0,0,2.10261,0.0350265,0,0,0,0,0,0,2.19429,0.117242,-1,0,0,0,0,0,1.0,0,0,0,0,0,1,15,0,0,0,0,0,0,-1,1,0,0,1,1,2,0,0
11,xgboost,abalone_size_4177,20,4177,0,0.2,50,2,0,0,0,0,0,0,0,0,0,0,0,0,2.43726,0.0319493,0,0,0,0,0,0,2.45508,0.107304,-1,0,0,0,0,0,1.0,0,0,0,0,0,1,15,0,0,0,0,0,0,-1,1,0,0,0,1,2,0,0
14,xgboost,abalone_size_4177,20,4177,0,0.2,5,2,0,0,0,0,0,0,0,0,0,0,0,0,8.56362,0.0251841,0,0,0,0,0,0,8.5631,0.100144,-1,0,0,0,0,0,1.0,0,0,0,0,0,1,1,0,0,0,0,0,0,-1,1,0,0,0,1,2,0,0
16,xgboost,abalone_size_4177,20,4177,0,0.3,300,5,0,0,0,0,0,0,0,0,0,0,0,0,1.95598,0.0724914,0,0,0,0,0,0,2.1701,0.109685,-1,0,0,0,0,0,1.0,0,0,0,0,0,1,15,0,0,0,0,0,0,-1,1,0,0,0,1,2,0,0
20,xgboost,abalone_size_4177,20,4177,0,0.3,500,3,0,0,0,0,0,0,0,0,0,0,0,0,2.09773,0.0520644,0,0,0,0,0,0,2.19385,0.12753,-1,0,0,0,0,0,1.0,0,0,0,0,0,1,1,0,0,0,0,0,0,-1,1,0,0,0,1,2,0,0
24,xgboost,abalone_size_4177,20,4177,0,0.2,150,6,0,0,0,0,0,0,0,0,0,0,0,0,2.06986,0.0540956,0,0,0,0,0,0,2.17899,0.114199,-1,0,0,0,0,0,1.0,0,0,0,0,0,1,1,0,0,0,0,0,0,-1,1,0,0,0,1,2,0,0
26,xgboost,abalone_size_4177,20,4177,0,0.2,200,2,0,0,0,0,0,0,0,0,0,0,0,0,2.14593,0.0365268,0,0,0,0,0,0,2.21257,0.119356,-1,0,0,0,0,0,1.0,0,0,0,0,0,1,1,0,0,0,0,0,0,-1,1,0,0,1,1,2,0,0
27,xgboost,abalone_size_4177,20,4177,0,0.2,25,5,0,0,0,0,0,0,0,0,0,0,0,0,3.02912,0.0312094,0,0,0,0,0,0,3.0279,0.132153,-1,0,0,0,0,0,1.0,0,0,0,0,0,1,1,0,0,0,0,0,0,-1,1,0,0,1,1,2,0,0
30,xgboost,abalone_size_4177,20,4177,0,0.1,5,3,0,0,0,0,0,0,0,0,0,0,0,0,9.49752,0.0244303,0,0,0,0,0,0,9.49709,0.0972284,-1,0,0,0,0,0,1.0,0,0,0,0,0,1,1,0,0,0,0,0,0,-1,1,0,0,1,1,2,0,0
31,xgboost,abalone_size_4177,20,4177,0,0.2,150,2,0,0,0,0,0,0,0,0,0,0,0,0,2.13503,0.0430702,0,0,0,0,0,0,2.21036,0.110904,-1,0,0,0,0,0,1.0,0,0,0,0,0,1,1,0,0,0,0,0,0,-1,1,0,0,0,1,2,0,0
36,xgboost,abalone_size_4177,20,4177,0,0.2,100,6,0,0,0,0,0,0,0,0,0,0,0,0,2.0933,0.0492729,0,0,0,0,0,0,2.1914,0.109309,-1,0,0,0,0,0,1.0,0,0,0,0,0,1,1,0,0,0,0,0,0,-1,1,0,0,0,1,2,0,0
37,xgboost,abalone_size_4177,20,4177,0,0.2,10,6,0,0,0,0,0,0,0,0,0,0,0,0,6.75283,0.0271003,0,0,0,0,0,0,6.75206,0.107492,-1,0,0,0,0,0,1.0,0,0,0,0,0,1,1,0,0,0,0,0,0,-1,1,0,0,1,1,2,0,0
38,xgboost,abalone_size_4177,20,4177,0,0.2,300,6,0,0,0,0,0,0,0,0,0,0,0,0,1.98645,0.050155,0,0,0,0,0,0,2.16585,0.12023,-1,0,0,0,0,0,1.0,0,0,0,0,0,1,15,0,0,0,0,0,0,-1,1,0,0,1,1,2,0,0
39,xgboost,abalone_size_4177,20,4177,0,0.2,100,5,0,0,0,0,0,0,0,0,0,0,0,0,2.0982,0.0484411,0,0,0,0,0,0,2.19385,0.105963,-1,0,0,0,0,0,1.0,0,0,0,0,0,1,1,0,0,0,0,0,0,-1,1,0,0,1,1,2,0,0
41,xgboost,abalone_size_4177,20,4177,0,0.1,200,2,0,0,0,0,0,0,0,0,0,0,0,0,2.17934,0.0310588,0,0,0,0,0,0,2.24024,0.117507,-1,0,0,0,0,0,1.0,0,0,0,0,0,1,1,0,0,0,0,0,0,-1,1,0,0,0,1,2,0,0
43,xgboost,abalone_size_4177,20,4177,0,0.2,5,5,0,0,0,0,0,0,0,0,0,0,0,0,8.56362,0.0251841,0,0,0,0,0,0,8.5631,0.100144,-1,0,0,0,0,0,1.0,0,0,0,0,0,1,1,0,0,0,0,0,0,-1,1,0,0,1,1,2,0,0
44,xgboost,abalone_size_4177,20,4177,0,0.3,50,6,0,0,0,0,0,0,0,0,0,0,0,0,2.08124,0.0319133,0,0,0,0,0,0,2.18645,0.11406,-1,0,0,0,0,0,1.0,0,0,0,0,0,1,15,0,0,0,0,0,0,-1,1,0,0,0,1,2,0,0
45,xgboost,abalone_size_4177,20,4177,0,0.2,600,5,0,0,0,0,0,0,0,0,0,0,0,0,2.0998,0.0469603,0,0,0,0,0,0,2.18932,0.108878,-1,0,0,0,0,0,1.0,0,0,0,0,0,1,1,0,0,0,0,0,0,-1,1,0,0,0,1,2,0,0
47,xgboost,abalone_size_4177,20,4177,0,0.2,400,3,0,0,0,0,0,0,0,0,0,0,0,0,2.00757,0.0397819,0,0,0,0,0,0,2.16641,0.123912,-1,0,0,0,0,0,1.0,0,0,0,0,0,1,15,0,0,0,0,0,0,-1,1,0,0,0,1,2,0,0
48,xgboost,abalone_size_4177,20,4177,0,0.1,400,2,0,0,0,0,0,0,0,0,0,0,0,0,2.06977,0.0290543,0,0,0,0,0,0,2.1777,0.12126,-1,0,0,0,0,0,1.0,0,0,0,0,0,1,15,0,0,0,0,0,0,-1,1,0,0,1,1,2,0,0
49,xgboost,abalone_size_4177,20,4177,0,0.2,600,2,0,0,0,0,0,0,0,0,0,0,0,0,2.03908,0.0346025,0,0,0,0,0,0,2.16864,0.123978,-1,0,0,0,0,0,1.0,0,0,0,0,0,1,15,0,0,0,0,0,0,-1,1,0,0,1,1,2,0,0
51,xgboost,abalone_size_4177,20,4177,0,0.1,5,2,0,0,0,0,0,0,0,0,0,0,0,0,9.49752,0.0244303,0,0,0,0,0,0,9.49709,0.0972284,-1,0,0,0,0,0,1.0,0,0,0,0,0,1,15,0,0,0,0,0,0,-1,1,0,0,1,1,2,0,0
53,xgboost,abalone_size_4177,20,4177,0,0.1,300,6,0,0,0,0,0,0,0,0,0,0,0,0,2.01282,0.0362738,0,0,0,0,0,0,2.16596,0.112839,-1,0,0,0,0,0,1.0,0,0,0,0,0,1,15,0,0,0,0,0,0,-1,1,0,0,1,1,2,0,0
63,xgboost,abalone_size_4177,20,4177,0,0.3,50,5,0,0,0,0,0,0,0,0,0,0,0,0,2.10283,0.0301427,0,0,0,0,0,0,2.19063,0.118646,-1,0,0,0,0,0,1.0,0,0,0,0,0,1,15,0,0,0,0,0,0,-1,1,0,0,0,1,2,0,0
64,xgboost,abalone_size_4177,20,4177,0,0.1,500,5,0,0,0,0,0,0,0,0,0,0,0,0,1.99078,0.0551754,0,0,0,0,0,0,2.1666,0.118675,-1,0,0,0,0,0,1.0,0,0,0,0,0,1,15,0,0,0,0,0,0,-1,1,0,0,0,1,2,0,0
65,xgboost,abalone_size_4177,20,4177,0,0.3,50,2,0,0,0,0,0,0,0,0,0,0,0,0,2.2584,0.0328933,0,0,0,0,0,0,2.3016,0.113126,-1,0,0,0,0,0,1.0,0,0,0,0,0,1,15,0,0,0,0,0,0,-1,1,0,0,0,1,2,0,0
71,xgboost,abalone_size_4177,20,4177,0,0.2,400,5,0,0,0,0,0,0,0,0,0,0,0,0,1.97096,0.0579796,0,0,0,0,0,0,2.16974,0.118139,-1,0,0,0,0,0,1.0,0,0,0,0,0,1,15,0,0,0,0,0,0,-1,1,0,0,0,1,2,0,0
72,xgboost,abalone_size_4177,20,4177,0,0.1,100,6,0,0,0,0,0,0,0,0,0,0,0,0,2.28988,0.0386368,0,0,0,0,0,0,2.32631,0.105323,-1,0,0,0,0,0,1.0,0,0,0,0,0,1,15,0,0,0,0,0,0,-1,1,0,0,1,1,2,0,0
74,xgboost,abalone_size_4177,20,4177,0,0.1,5,6,0,0,0,0,0,0,0,0,0,0,0,0,9.49752,0.0244303,0,0,0,0,0,0,9.49709,0.0972284,-1,0,0,0,0,0,1.0,0,0,0,0,0,1,15,0,0,0,0,0,0,-1,1,0,0,1,1,2,0,0
76,xgboost,abalone_size_4177,20,4177,0,0.1,600,3,0,0,0,0,0,0,0,0,0,0,0,0,2.02939,0.0451338,0,0,0,0,0,0,2.16716,0.122598,-1,0,0,0,0,0,1.0,0,0,0,0,0,1,15,0,0,0,0,0,0,-1,1,0,0,0,1,2,0,0
79,xgboost,abalone_size_4177,20,4177,0,0.1,50,3,0,0,0,0,0,0,0,0,0,0,0,0,3.05001,0.026799,0,0,0,0,0,0,3.04819,0.132665,-1,0,0,0,0,0,1.0,0,0,0,0,0,1,1,0,0,0,0,0,0,-1,1,0,0,0,1,2,0,0
81,xgboost,abalone_size_4177,20,4177,0,0.3,25,2,0,0,0,0,0,0,0,0,0,0,0,0,2.62223,0.0338403,0,0,0,0,0,0,2.62102,0.11288,-1,0,0,0,0,0,1.0,0,0,0,0,0,1,1,0,0,0,0,0,0,-1,1,0,0,0,1,2,0,0
82,xgboost,abalone_size_4177,20,4177,0,0.1,150,3,0,0,0,0,0,0,0,0,0,0,0,0,2.18904,0.0310235,0,0,0,0,0,0,2.2453,0.118039,-1,0,0,0,0,0,1.0,0,0,0,0,0,1,15,0,0,0,0,0,0,-1,1,0,0,1,1,2,0,0
83,xgboost,abalone_size_4177,20,4177,0,0.1,50,5,0,0,0,0,0,0,0,0,0,0,0,0,3.03783,0.0264014,0,0,0,0,0,0,3.03576,0.136647,-1,0,0,0,0,0,1.0,0,0,0,0,0,1,1,0,0,0,0,0,0,-1,1,0,0,1,1,2,0,0
87,xgboost,abalone_size_4177,20,4177,0,0.3,200,6,0,0,0,0,0,0,0,0,0,0,0,0,1.97763,0.0479086,0,0,0,0,0,0,2.16622,0.116309,-1,0,0,0,0,0,1.0,0,0,0,0,0,1,15,0,0,0,0,0,0,-1,1,0,0,1,1,2,0,0
90,xgboost,abalone_size_4177,20,4177,0,0.3,5,5,0,0,0,0,0,0,0,0,0,0,0,0,7.64644,0.0260676,0,0,0,0,0,0,7.64582,0.103545,-1,0,0,0,0,0,1.0,0,0,0,0,0,1,1,0,0,0,0,0,0,-1,1,0,0,1,1,2,0,0
92,xgboost,abalone_size_4177,20,4177,0,0.3,500,6,0,0,0,0,0,0,0,0,0,0,0,0,2.06545,0.0586132,0,0,0,0,0,0,2.18421,0.12029,-1,0,0,0,0,0,1.0,0,0,0,0,0,1,1,0,0,0,0,0,0,-1,1,0,0,1,1,2,0,0
93,xgboost,abalone_size_4177,20,4177,0,0.3,10,2,0,0,0,0,0,0,0,0,0,0,0,0,5.08584,0.0295832,0,0,0,0,0,0,5.08463,0.116817,-1,0,0,0,0,0,1.0,0,0,0,0,0,1,1,0,0,0,0,0,0,-1,1,0,0,1,1,2,0,0
98,xgboost,abalone_size_4177,20,4177,0,0.2,500,6,0,0,0,0,0,0,0,0,0,0,0,0,2.06287,0.0751795,0,0,0,0,0,0,2.18749,0.112012,-1,0,0,0,0,0,1.0,0,0,0,0,0,1,1,0,0,0,0,0,0,-1,1,0,0,0,1,2,0,0
100,xgboost,abalone_size_4177,20,4177,0,0.1,25,2,0,0,0,0,0,0,0,0,0,0,0,0,5.89349,0.0282874,0,0,0,0,0,0,5.89253,0.111986,-1,0,0,0,0,0,1.0,0,0,0,0,0,1,1,0,0,0,0,0,0,-1,1,0,0,1,1,2,0,0
103,xgboost,abalone_size_4177,20,4177,0,0.1,10,6,0,0,0,0,0,0,0,0,0,0,0,0,8.56362,0.0251841,0,0,0,0,0,0,8.5631,0.100144,-1,0,0,0,0,0,1.0,0,0,0,0,0,1,15,0,0,0,0,0,0,-1,1,0,0,1,1,2,0,0
106,xgboost,abalone_size_4177,20,4177,0,0.3,5,6,0,0,0,0,0,0,0,0,0,0,0,0,7.64644,0.0260676,0,0,0,0,0,0,7.64582,0.103545,-1,0,0,0,0,0,1.0,0,0,0,0,0,1,1,0,0,0,0,0,0,-1,1,0,0,0,1,2,0,0
108,xgboost,abalone_size_4177,20,4177,0,0.3,5,2,0,0,0,0,0,0,0,0,0,0,0,0,7.64644,0.0260676,0,0,0,0,0,0,7.64582,0.103545,-1,0,0,0,0,0,1.0,0,0,0,0,0,1,1,0,0,0,0,0,0,-1,1,0,0,0,1,2,0,0
109,xgboost,abalone_size_4177,20,4177,0,0.1,25,6,0,0,0,0,0,0,0,0,0,0,0,0,5.89349,0.0282874,0,0,0,0,0,0,5.89253,0.111986,-1,0,0,0,0,0,1.0,0,0,0,0,0,1,15,0,0,0,0,0,0,-1,1,0,0,1,1,2,0,0
110,xgboost,abalone_size_4177,20,4177,0,0.3,200,5,0,0,0,0,0,0,0,0,0,0,0,0,1.99603,0.0411561,0,0,0,0,0,0,2.16563,0.113724,-1,0,0,0,0,0,1.0,0,0,0,0,0,1,15,0,0,0,0,0,0,-1,1,0,0,1,1,2,0,0
112,xgboost,abalone_size_4177,20,4177,0,0.2,600,6,0,0,0,0,0,0,0,0,0,0,0,0,1.96558,0.0713952,0,0,0,0,0,0,2.16615,0.112518,-1,0,0,0,0,0,1.0,0,0,0,0,0,1,15,0,0,0,0,0,0,-1,1,0,0,1,1,2,0,0
113,xgboost,abalone_size_4177,20,4177,0,0.2,400,6,0,0,0,0,0,0,0,0,0,0,0,0,2.06744,0.0820339,0,0,0,0,0,0,2.18721,0.109825,-1,0,0,0,0,0,1.0,0,0,0,0,0,1,1,0,0,0,0,0,0,-1,1,0,0,1,1,2,0,0
114,xgboost,abalone_size_4177,20,4177,0,0.3,600,2,0,0,0,0,0,0,0,0,0,0,0,0,2.13457,0.0436461,0,0,0,0,0,0,2.21222,0.111457,-1,0,0,0,0,0,1.0,0,0,0,0,0,1,1,0,0,0,0,0,0,-1,1,0,0,1,1,2,0,0
115,xgboost,abalone_size_4177,20,4177,0,0.1,400,3,0,0,0,0,0,0,0,0,0,0,0,0,2.1222,0.0513357,0,0,0,0,0,0,2.20156,0.108467,-1,0,0,0,0,0,1.0,0,0,0,0,0,1,1,0,0,0,0,0,0,-1,1,0,0,1,1,2,0,0
116,xgboost,abalone_size_4177,20,4177,0,0.1,100,3,0,0,0,0,0,0,0,0,0,0,0,0,2.3759,0.0370284,0,0,0,0,0,0,2.40206,0.1041,-1,0,0,0,0,0,1.0,0,0,0,0,0,1,1,0,0,0,0,0,0,-1,1,0,0,0,1,2,0,0
120,xgboost,abalone_size_4177,20,4177,0,0.1,400,6,0,0,0,0,0,0,0,0,0,0,0,0,2.01198,0.0439028,0,0,0,0,0,0,2.16604,0.117842,-1,0,0,0,0,0,1.0,0,0,0,0,0,1,15,0,0,0,0,0,0,-1,1,0,0,1,1,2,0,0
121,xgboost,abalone_size_4177,20,4177,0,0.2,100,2,0,0,0,0,0,0,0,0,0,0,0,0,2.1833,0.0324893,0,0,0,0,0,0,2.24057,0.119116,-1,0,0,0,0,0,1.0,0,0,0,0,0,1,15,0,0,0,0,0,0,-1,1,0,0,1,1,2,0,0
122,xgboost,abalone_size_4177,20,4177,0,0.3,600,2,0,0,0,0,0,0,0,0,0,0,0,0,2.03449,0.0199993,0,0,0,0,0,0,2.16769,0.1224,-1,0,0,0,0,0,1.0,0,0,0,0,0,1,15,0,0,0,0,0,0,-1,1,0,0,1,1,2,0,0
123,xgboost,abalone_size_4177,20,4177,0,0.3,5,2,0,0,0,0,0,0,0,0,0,0,0,0,7.64644,0.0260676,0,0,0,0,0,0,7.64582,0.103545,-1,0,0,0,0,0,1.0,0,0,0,0,0,1,1,0,0,0,0,0,0,-1,1,0,0,1,1,2,0,0
125,xgboost,abalone_size_4177,20,4177,0,0.2,25,6,0,0,0,0,0,0,0,0,0,0,0,0,3.03006,0.0305412,0,0,0,0,0,0,3.02789,0.128964,-1,0,0,0,0,0,1.0,0,0,0,0,0,1,15,0,0,0,0,0,0,-1,1,0,0,0,1,2,0,0
126,xgboost,abalone_size_4177,20,4177,0,0.1,400,2,0,0,0,0,0,0,0,0,0,0,0,0,2.05718,0.0251054,0,0,0,0,0,0,2.17173,0.123683,-1,0,0,0,0,0,1.0,0,0,0,0,0,1,15,0,0,0,0,0,0,-1,1,0,0,0,1,2,0,0
127,xgboost,abalone_size_4177,20,4177,0,0.3,300,5,0,0,0,0,0,0,0,0,0,0,0,0,1.99159,0.0514913,0,0,0,0,0,0,2.16934,0.119441,-1,0,0,0,0,0,1.0,0,0,0,0,0,1,15,0,0,0,0,0,0,-1,1,0,0,1,1,2,0,0
131,xgboost,abalone_size_4177,20,4177,0,0.3,10,2,0,0,0,0,0,0,0,0,0,0,0,0,5.08584,0.0295832,0,0,0,0,0,0,5.08463,0.116817,-1,0,0,0,0,0,1.0,0,0,0,0,0,1,15,0,0,0,0,0,0,-1,1,0,0,0,1,2,0,0
132,xgboost,abalone_size_4177,20,4177,0,0.3,300,6,0,0,0,0,0,0,0,0,0,0,0,0,2.06074,0.0674968,0,0,0,0,0,0,2.18776,0.112084,-1,0,0,0,0,0,1.0,0,0,0,0,0,1,1,0,0,0,0,0,0,-1,1,0,0,0,1,2,0,0
133,xgboost,abalone_size_4177,20,4177,0,0.3,150,3,0,0,0,0,0,0,0,0,0,0,0,0,2.01131,0.0322868,0,0,0,0,0,0,2.16562,0.124778,-1,0,0,0,0,0,1.0,0,0,0,0,0,1,15,0,0,0,0,0,0,-1,1,0,0,0,1,2,0,0
134,xgboost,abalone_size_4177,20,4177,0,0.2,10,3,0,0,0,0,0,0,0,0,0,0,0,0,6.75283,0.0271003,0,0,0,0,0,0,6.75206,0.107492,-1,0,0,0,0,0,1.0,0,0,0,0,0,1,15,0,0,0,0,0,0,-1,1,0,0,1,1,2,0,0
136,xgboost,abalone_size_4177,20,4177,0,0.3,400,3,0,0,0,0,0,0,0,0,0,0,0,0,2.10574,0.0453405,0,0,0,0,0,0,2.19944,0.120663,-1,0,0,0,0,0,1.0,0,0,0,0,0,1,1,0,0,0,0,0,0,-1,1,0,0,1,1,2,0,0
138,xgboost,abalone_size_4177,20,4177,0,0.2,25,5,0,0,0,0,0,0,0,0,0,0,0,0,3.03067,0.0280887,0,0,0,0,0,0,3.02793,0.133564,-1,0,0,0,0,0,1.0,0,0,0,0,0,1,1,0,0,0,0,0,0,-1,1,0,0,0,1,2,0,0
141,xgboost,abalone_size_4177,20,4177,0,0.1,500,6,0,0,0,0,0,0,0,0,0,0,0,0,1.99389,0.0491533,0,0,0,0,0,0,2.16455,0.116128,-1,0,0,0,0,0,1.0,0,0,0,0,0,1,15,0,0,0,0,0,0,-1,1,0,0,0,1,2,0,0
142,xgboost,abalone_size_4177,20,4177,0,0.1,50,6,0,0,0,0,0,0,0,0,0,0,0,0,3.04333,0.0240425,0,0,0,0,0,0,3.03988,0.135823,-1,0,0,0,0,0,1.0,0,0,0,0,0,1,15,0,0,0,0,0,0,-1,1,0,0,1,1,2,0,0
143,xgboost,abalone_size_4177,20,4177,0,0.2,5,2,0,0,0,0,0,0,0,0,0,0,0,0,8.56362,0.0251841,0,0,0,0,0,0,8.5631,0.100144,-1,0,0,0,0,0,1.0,0,0,0,0,0,1,15,0,0,0,0,0,0,-1,1,0,0,0,1,2,0,0
144,xgboost,abalone_size_4177,20,4177,0,0.2,400,2,0,0,0,0,0,0,0,0,0,0,0,0,2.14605,0.0345151,0,0,0,0,0,0,2.21459,0.122645,-1,0,0,0,0,0,1.0,0,0,0,0,0,1,1,0,0,0,0,0,0,-1,1,0,0,1,1,2,0,0
146,xgboost,abalone_size_4177,20,4177,0,0.3,10,3,0,0,0,0,0,0,0,0,0,0,0,0,5.08584,0.0295832,0,0,0,0,0,0,5.08463,0.116817,-1,0,0,0,0,0,1.0,0,0,0,0,0,1,1,0,0,0,0,0,0,-1,1,0,0,0,1,2,0,0
151,xgboost,abalone_size_4177,20,4177,0,0.3,600,3,0,0,0,0,0,0,0,0,0,0,0,0,1.96544,0.0619206,0,0,0,0,0,0,2.17115,0.117413,-1,0,0,0,0,0,1.0,0,0,0,0,0,1,15,0,0,0,0,0,0,-1,1,0,0,0,1,2,0,0
153,xgboost,abalone_size_4177,20,4177,0,0.1,500,3,0,0,0,0,0,0,0,0,0,0,0,0,2.12264,0.0491367,0,0,0,0,0,0,2.19965,0.107965,-1,0,0,0,0,0,1.0,0,0,0,0,0,1,1,0,0,0,0,0,0,-1,1,0,0,1,1,2,0,0
154,xgboost,abalone_size_4177,20,4177,0,0.3,50,6,0,0,0,0,0,0,0,0,0,0,0,0,2.1082,0.0355949,0,0,0,0,0,0,2.20339,0.114597,-1,0,0,0,0,0,1.0,0,0,0,0,0,1,1,0,0,0,0,0,0,-1,1,0,0,0,1,2,0,0
156,xgboost,abalone_size_4177,20,4177,0,0.2,100,2,0,0,0,0,0,0,0,0,0,0,0,0,2.16428,0.0349782,0,0,0,0,0,0,2.22467,0.119731,-1,0,0,0,0,0,1.0,0,0,0,0,0,1,15,0,0,0,0,0,0,-1,1,0,0,0,1,2,0,0
157,xgboost,abalone_size_4177,20,4177,0,0.3,150,2,0,0,0,0,0,0,0,0,0,0,0,0,2.12639,0.0469986,0,0,0,0,0,0,2.21009,0.114065,-1,0,0,0,0,0,1.0,0,0,0,0,0,1,1,0,0,0,0,0,0,-1,1,0,0,0,1,2,0,0
159,xgboost,abalone_size_4177,20,4177,0,0.2,10,5,0,0,0,0,0,0,0,0,0,0,0,0,6.75283,0.0271003,0,0,0,0,0,0,6.75206,0.107492,-1,0,0,0,0,0,1.0,0,0,0,0,0,1,1,0,0,0,0,0,0,-1,1,0,0,0,1,2,0,0
161,xgboost,abalone_size_4177,20,4177,0,0.3,600,3,0,0,0,0,0,0,0,0,0,0,0,0,2.09946,0.0475669,0,0,0,0,0,0,2.19378,0.12135,-1,0,0,0,0,0,1.0,0,0,0,0,0,1,1,0,0,0,0,0,0,-1,1,0,0,0,1,2,0,0
163,xgboost,abalone_size_4177,20,4177,0,0.2,300,3,0,0,0,0,0,0,0,0,0,0,0,0,2.11546,0.0434069,0,0,0,0,0,0,2.19765,0.125774,-1,0,0,0,0,0,1.0,0,0,0,0,0,1,1,0,0,0,0,0,0,-1,1,0,0,1,1,2,0,0
165,xgboost,abalone_size_4177,20,4177,0,0.1,500,5,0,0,0,0,0,0,0,0,0,0,0,0,2.01453,0.0365541,0,0,0,0,0,0,2.16587,0.118626,-1,0,0,0,0,0,1.0,0,0,0,0,0,1,15,0,0,0,0,0,0,-1,1,0,0,1,1,2,0,0
168,xgboost,abalone_size_4177,20,4177,0,0.3,200,5,0,0,0,0,0,0,0,0,0,0,0,0,2.08944,0.0691512,0,0,0,0,0,0,2.19169,0.113381,-1,0,0,0,0,0,1.0,0,0,0,0,0,1,1,0,0,0,0,0,0,-1,1,0,0,0,1,2,0,0
169,xgboost,abalone_size_4177,20,4177,0,0.3,5,6,0,0,0,0,0,0,0,0,0,0,0,0,7.64644,0.0260676,0,0,0,0,0,0,7.64582,0.103545,-1,0,0,0,0,0,1.0,0,0,0,0,0,1,15,0,0,0,0,0,0,-1,1,0,0,0,1,2,0,0
170,xgboost,abalone_size_4177,20,4177,0,0.1,300,3,0,0,0,0,0,0,0,0,0,0,0,0,2.12642,0.0485982,0,0,0,0,0,0,2.20147,0.108149,-1,0,0,0,0,0,1.0,0,0,0,0,0,1,1,0,0,0,0,0,0,-1,1,0,0,1,1,2,0,0
172,xgboost,abalone_size_4177,20,4177,0,0.1,5,3,0,0,0,0,0,0,0,0,0,0,0,0,9.49752,0.0244303,0,0,0,0,0,0,9.49709,0.0972284,-1,0,0,0,0,0,1.0,0,0,0,0,0,1,15,0,0,0,0,0,0,-1,1,0,0,1,1,2,0,0
173,xgboost,abalone_size_4177,20,4177,0,0.3,100,5,0,0,0,0,0,0,0,0,0,0,0,0,2.09129,0.0562181,0,0,0,0,0,0,2.18697,0.104035,-1,0,0,0,0,0,1.0,0,0,0,0,0,1,1,0,0,0,0,0,0,-1,1,0,0,0,1,2,0,0
174,xgboost,abalone_size_4177,20,4177,0,0.2,50,3,0,0,0,0,0,0,0,0,0,0,0,0,2.37408,0.0408115,0,0,0,0,0,0,2.39864,0.108162,-1,0,0,0,0,0,1.0,0,0,0,0,0,1,1,0,0,0,0,0,0,-1,1,0,0,0,1,2,0,0
175,xgboost,abalone_size_4177,20,4177,0,0.1,300,2,0,0,0,0,0,0,0,0,0,0,0,0,2.11101,0.0338628,0,0,0,0,0,0,2.19431,0.117171,-1,0,0,0,0,0,1.0,0,0,0,0,0,1,15,0,0,0,0,0,0,-1,1,0,0,1,1,2,0,0
176,xgboost,abalone_size_4177,20,4177,0,0.2,200,5,0,0,0,0,0,0,0,0,0,0,0,0,2.09975,0.0459457,0,0,0,0,0,0,2.194,0.11902,-1,0,0,0,0,0,1.0,0,0,0,0,0,1,1,0,0,0,0,0,0,-1,1,0,0,0,1,2,0,0
178,xgboost,abalone_size_4177,20,4177,0,0.3,50,3,0,0,0,0,0,0,0,0,0,0,0,0,2.19047,0.0322534,0,0,0,0,0,0,2.24982,0.116546,-1,0,0,0,0,0,1.0,0,0,0,0,0,1,1,0,0,0,0,0,0,-1,1,0,0,1,1,2,0,0
179,xgboost,abalone_size_4177,20,4177,0,0.2,50,6,0,0,0,0,0,0,0,0,0,0,0,0,2.26687,0.0347894,0,0,0,0,0,0,2.3026,0.109218,-1,0,0,0,0,0,1.0,0,0,0,0,0,1,15,0,0,0,0,0,0,-1,1,0,0,0,1,2,0,0
180,xgboost,abalone_size_4177,20,4177,0,0.2,500,5,0,0,0,0,0,0,0,0,0,0,0,0,1.97181,0.0755365,0,0,0,0,0,0,2.17063,0.113727,-1,0,0,0,0,0,1.0,0,0,0,0,0,1,15,0,0,0,0,0,0,-1,1,0,0,0,1,2,0,0
182,xgboost,abalone_size_4177,20,4177,0,0.2,5,5,0,0,0,0,0,0,0,0,0,0,0,0,8.56362,0.0251841,0,0,0,0,0,0,8.5631,0.100144,-1,0,0,0,0,0,1.0,0,0,0,0,0,1,15,0,0,0,0,0,0,-1,1,0,0,1,1,2,0,0
183,xgboost,abalone_size_4177,20,4177,0,0.1,600,6,0,0,0,0,0,0,0,0,0,0,0,0,2.07022,0.074648,0,0,0,0,0,0,2.18753,0.107169,-1,0,0,0,0,0,1.0,0,0,0,0,0,1,1,0,0,0,0,0,0,-1,1,0,0,0,1,2,0,0
184,xgboost,abalone_size_4177,20,4177,0,0.3,25,5,0,0,0,0,0,0,0,0,0,0,0,0,2.56088,0.0474866,0,0,0,0,0,0,2.56735,0.102322,-1,0,0,0,0,0,1.0,0,0,0,0,0,1,15,0,0,0,0,0,0,-1,1,0,0,0,1,2,0,0
186,xgboost,abalone_size_4177,20,4177,0,0.3,100,6,0,0,0,0,0,0,0,0,0,0,0,0,2.07372,0.0538817,0,0,0,0,0,0,2.18757,0.112959,-1,0,0,0,0,0,1.0,0,0,0,0,0,1,1,0,0,0,0,0,0,-1,1,0,0,1,1,2,0,0
187,xgboost,abalone_size_4177,20,4177,0,0.1,100,2,0,0,0,0,0,0,0,0,0,0,0,0,2.43726,0.0366344,0,0,0,0,0,0,2.45762,0.102097,-1,0,0,0,0,0,1.0,0,0,0,0,0,1,15,0,0,0,0,0,0,-1,1,0,0,0,1,2,0,0
190,xgboost,abalone_size_4177,20,4177,0,0.1,600,5,0,0,0,0,0,0,0,0,0,0,0,0,2.0977,0.0551213,0,0,0,0,0,0,2.19246,0.108354,-1,0,0,0,0,0,1.0,0,0,0,0,0,1,1,0,0,0,0,0,0,-1,1,0,0,0,1,2,0,0
193,xgboost,abalone_size_4177,20,4177,0,0.3,200,5,0,0,0,0,0,0,0,0,0,0,0,0,2.06819,0.0617998,0,0,0,0,0,0,2.19112,0.118308,-1,0,0,0,0,0,1.0,0,0,0,0,0,1,1,0,0,0,0,0,0,-1,1,0,0,1,1,2,0,0
197,xgboost,abalone_size_4177,20,4177,0,0.1,500,3,0,0,0,0,0,0,0,0,0,0,0,0,2.12524,0.0487527,0,0,0,0,0,0,2.20063,0.106931,-1,0,0,0,0,0,1.0,0,0,0,0,0,1,1,0,0,0,0,0,0,-1,1,0,0,0,1,2,0,0
198,xgboost,abalone_size_4177,20,4177,0,0.2,300,6,0,0,0,0,0,0,0,0,0,0,0,0,1.97206,0.0632405,0,0,0,0,0,0,2.16828,0.113625,-1,0,0,0,0,0,1.0,0,0,0,0,0,1,15,0,0,0,0,0,0,-1,1,0,0,0,1,2,0,0
200,xgboost,abalone_size_4177,20,4177,0,0.2,100,5,0,0,0,0,0,0,0,0,0,0,0,0,2.03861,0.0266808,0,0,0,0,0,0,2.16607,0.119402,-1,0,0,0,0,0,1.0,0,0,0,0,0,1,15,0,0,0,0,0,0,-1,1,0,0,0,1,2,0,0
203,xgboost,abalone_size_4177,20,4177,0,0.1,10,5,0,0,0,0,0,0,0,0,0,0,0,0,8.56362,0.0251841,0,0,0,0,0,0,8.5631,0.100144,-1,0,0,0,0,0,1.0,0,0,0,0,0,1,15,0,0,0,0,0,0,-1,1,0,0,0,1,2,0,0
207,xgboost,abalone_size_4177,20,4177,0,0.2,500,3,0,0,0,0,0,0,0,0,0,0,0,0,2.01767,0.0438176,0,0,0,0,0,0,2.16682,0.126143,-1,0,0,0,0,0,1.0,0,0,0,0,0,1,15,0,0,0,0,0,0,-1,1,0,0,1,1,2,0,0
212,xgboost,abalone_size_4177,20,4177,0,0.1,5,3,0,0,0,0,0,0,0,0,0,0,0,0,9.49752,0.0244303,0,0,0,0,0,0,9.49709,0.0972284,-1,0,0,0,0,0,1.0,0,0,0,0,0,1,15,0,0,0,0,0,0,-1,1,0,0,0,1,2,0,0
215,xgboost,abalone_size_4177,20,4177,0,0.2,500,2,0,0,0,0,0,0,0,0,0,0,0,0,2.03925,0.0418186,0,0,0,0,0,0,2.17513,0.127146,-1,0,0,0,0,0,1.0,0,0,0,0,0,1,15,0,0,0,0,0,0,-1,1,0,0,1,1,2,0,0
216,xgboost,abalone_size_4177,20,4177,0,0.3,25,3,0,0,0,0,0,0,0,0,0,0,0,0,2.6013,0.045489,0,0,0,0,0,0,2.60547,0.107485,-1,0,0,0,0,0,1.0,0,0,0,0,0,1,1,0,0,0,0,0,0,-1,1,0,0,1,1,2,0,0
217,xgboost,abalone_size_4177,20,4177,0,0.1,10,2,0,0,0,0,0,0,0,0,0,0,0,0,8.56362,0.0251841,0,0,0,0,0,0,8.5631,0.100144,-1,0,0,0,0,0,1.0,0,0,0,0,0,1,15,0,0,0,0,0,0,-1,1,0,0,0,1,2,0,0
218,xgboost,abalone_size_4177,20,4177,0,0.2,25,2,0,0,0,0,0,0,0,0,0,0,0,0,3.05294,0.0288243,0,0,0,0,0,0,3.05103,0.125008,-1,0,0,0,0,0,1.0,0,0,0,0,0,1,1,0,0,0,0,0,0,-1,1,0,0,0,1,2,0,0
219,xgboost,abalone_size_4177,20,4177,0,0.1,200,2,0,0,0,0,0,0,0,0,0,0,0,0,2.18112,0.0318762,0,0,0,0,0,0,2.23874,0.117137,-1,0,0,0,0,0,1.0,0,0,0,0,0,1,1,0,0,0,0,0,0,-1,1,0,0,1,1,2,0,0
221,xgboost,abalone_size_4177,20,4177,0,0.1,5,2,0,0,0,0,0,0,0,0,0,0,0,0,9.49752,0.0244303,0,0,0,0,0,0,9.49709,0.0972284,-1,0,0,0,0,0,1.0,0,0,0,0,0,1,1,0,0,0,0,0,0,-1,1,0,0,1,1,2,0,0
222,xgboost,abalone_size_4177,20,4177,0,0.1,25,6,0,0,0,0,0,0,0,0,0,0,0,0,5.89349,0.0282874,0,0,0,0,0,0,5.89253,0.111986,-1,0,0,0,0,0,1.0,0,0,0,0,0,1,1,0,0,0,0,0,0,-1,1,0,0,0,1,2,0,0
223,xgboost,abalone_size_4177,20,4177,0,0.1,200,6,0,0,0,0,0,0,0,0,0,0,0,0,2.03064,0.0290645,0,0,0,0,0,0,2.16671,0.114084,-1,0,0,0,0,0,1.0,0,0,0,0,0,1,15,0,0,0,0,0,0,-1,1,0,0,0,1,2,0,0
224,xgboost,abalone_size_4177,20,4177,0,0.1,10,5,0,0,0,0,0,0,0,0,0,0,0,0,8.56362,0.0251841,0,0,0,0,0,0,8.5631,0.100144,-1,0,0,0,0,0,1.0,0,0,0,0,0,1,1,0,0,0,0,0,0,-1,1,0,0,0,1,2,0,0
228,xgboost,abalone_size_4177,20,4177,0,0.3,400,3,0,0,0,0,0,0,0,0,0,0,0,0,2.09241,0.0870054,0,0,0,0,0,0,2.1933,0.10756,-1,0,0,0,0,0,1.0,0,0,0,0,0,1,1,0,0,0,0,0,0,-1,1,0,0,0,1,2,0,0
231,xgboost,abalone_size_4177,20,4177,0,0.3,300,6,0,0,0,0,0,0,0,0,0,0,0,0,1.96357,0.0451654,0,0,0,0,0,0,2.1668,0.109766,-1,0,0,0,0,0,1.0,0,0,0,0,0,1,15,0,0,0,0,0,0,-1,1,0,0,1,1,2,0,0
233,xgboost,abalone_size_4177,20,4177,0,0.2,600,6,0,0,0,0,0,0,0,0,0,0,0,0,2.06346,0.0832586,0,0,0,0,0,0,2.19244,0.123552,-1,0,0,0,0,0,1.0,0,0,0,0,0,1,1,0,0,0,0,0,0,-1,1,0,0,0,1,2,0,0
235,xgboost,abalone_size_4177,20,4177,0,0.3,600,2,0,0,0,0,0,0,0,0,0,0,0,0,2.13308,0.0407865,0,0,0,0,0,0,2.21638,0.12093,-1,0,0,0,0,0,1.0,0,0,0,0,0,1,1,0,0,0,0,0,0,-1,1,0,0,0,1,2,0,0
237,xgboost,abalone_size_4177,20,4177,0,0.2,200,3,0,0,0,0,0,0,0,0,0,0,0,0,2.02368,0.0251358,0,0,0,0,0,0,2.16594,0.120773,-1,0,0,0,0,0,1.0,0,0,0,0,0,1,15,0,0,0,0,0,0,-1,1,0,0,1,1,2,0,0
238,xgboost,abalone_size_4177,20,4177,0,0.2,25,2,0,0,0,0,0,0,0,0,0,0,0,0,3.05484,0.02887,0,0,0,0,0,0,3.05275,0.12473,-1,0,0,0,0,0,1.0,0,0,0,0,0,1,15,0,0,0,0,0,0,-1,1,0,0,1,1,2,0,0
239,xgboost,abalone_size_4177,20,4177,0,0.1,50,3,0,0,0,0,0,0,0,0,0,0,0,0,3.04919,0.0252912,0,0,0,0,0,0,3.04659,0.133597,-1,0,0,0,0,0,1.0,0,0,0,0,0,1,1,0,0,0,0,0,0,-1,1,0,0,1,1,2,0,0
241,xgboost,abalone_size_4177,20,4177,0,0.2,50,5,0,0,0,0,0,0,0,0,0,0,0,0,2.32065,0.0390691,0,0,0,0,0,0,2.34881,0.108752,-1,0,0,0,0,0,1.0,0,0,0,0,0,1,1,0,0,0,0,0,0,-1,1,0,0,0,1,2,0,0
244,xgboost,abalone_size_4177,20,4177,0,0.1,500,6,0,0,0,0,0,0,0,0,0,0,0,0,1.99764,0.0480968,0,0,0,0,0,0,2.16814,0.115597,-1,0,0,0,0,0,1.0,0,0,0,0,0,1,15,0,0,0,0,0,0,-1,1,0,0,1,1,2,0,0
247,xgboost,abalone_size_4177,20,4177,0,0.1,5,5,0,0,0,0,0,0,0,0,0,0,0,0,9.49752,0.0244303,0,0,0,0,0,0,9.49709,0.0972284,-1,0,0,0,0,0,1.0,0,0,0,0,0,1,15,0,0,0,0,0,0,-1,1,0,0,0,1,2,0,0
248,xgboost,abalone_size_4177,20,4177,0,0.3,25,2,0,0,0,0,0,0,0,0,0,0,0,0,2.63199,0.041515,0,0,0,0,0,0,2.63683,0.104281,-1,0,0,0,0,0,1.0,0,0,0,0,0,1,15,0,0,0,0,0,0,-1,1,0,0,1,1,2,0,0
252,xgboost,abalone_size_4177,20,4177,0,0.2,5,3,0,0,0,0,0,0,0,0,0,0,0,0,8.56362,0.0251841,0,0,0,0,0,0,8.5631,0.100144,-1,0,0,0,0,0,1.0,0,0,0,0,0,1,15,0,0,0,0,0,0,-1,1,0,0,0,1,2,0,0
255,xgboost,abalone_size_4177,20,4177,0,0.2,200,6,0,0,0,0,0,0,0,0,0,0,0,0,2.07516,0.0535599,0,0,0,0,0,0,2.19022,0.117283,-1,0,0,0,0,0,1.0,0,0,0,0,0,1,1,0,0,0,0,0,0,-1,1,0,0,0,1,2,0,0
256,xgboost,abalone_size_4177,20,4177,0,0.1,400,5,0,0,0,0,0,0,0,0,0,0,0,0,2.01661,0.0362209,0,0,0,0,0,0,2.16424,0.119204,-1,0,0,0,0,0,1.0,0,0,0,0,0,1,15,0,0,0,0,0,0,-1,1,0,0,0,1,2,0,0
261,xgboost,abalone_size_4177,20,4177,0,0.2,25,3,0,0,0,0,0,0,0,0,0,0,0,0,3.038,0.0305477,0,0,0,0,0,0,3.03788,0.129735,-1,0,0,0,0,0,1.0,0,0,0,0,0,1,1,0,0,0,0,0,0,-1,1,0,0,1,1,2,0,0
262,xgboost,abalone_size_4177,20,4177,0,0.2,100,3,0,0,0,0,0,0,0,0,0,0,0,0,2.13053,0.0358167,0,0,0,0,0,0,2.20714,0.116624,-1,0,0,0,0,0,1.0,0,0,0,0,0,1,1,0,0,0,0,0,0,-1,1,0,0,0,1,2,0,0
264,xgboost,abalone_size_4177,20,4177,0,0.3,100,3,0,0,0,0,0,0,0,0,0,0,0,0,2.11479,0.0469823,0,0,0,0,0,0,2.19882,0.114243,-1,0,0,0,0,0,1.0,0,0,0,0,0,1,1,0,0,0,0,0,0,-1,1,0,0,1,1,2,0,0
267,xgboost,abalone_size_4177,20,4177,0,0.1,300,2,0,0,0,0,0,0,0,0,0,0,0,0,2.14096,0.0429865,0,0,0,0,0,0,2.21423,0.112947,-1,0,0,0,0,0,1.0,0,0,0,0,0,1,1,0,0,0,0,0,0,-1,1,0,0,1,1,2,0,0
268,xgboost,abalone_size_4177,20,4177,0,0.1,50,6,0,0,0,0,0,0,0,0,0,0,0,0,3.03972,0.0291426,0,0,0,0,0,0,3.03803,0.134324,-1,0,0,0,0,0,1.0,0,0,0,0,0,1,1,0,0,0,0,0,0,-1,1,0,0,0,1,2,0,0
271,xgboost,abalone_size_4177,20,4177,0,0.2,200,3,0,0,0,0,0,0,0,0,0,0,0,0,2.11483,0.0516067,0,0,0,0,0,0,2.19983,0.123846,-1,0,0,0,0,0,1.0,0,0,0,0,0,1,1,0,0,0,0,0,0,-1,1,0,0,0,1,2,0,0
272,xgboost,abalone_size_4177,20,4177,0,0.1,10,3,0,0,0,0,0,0,0,0,0,0,0,0,8.56362,0.0251841,0,0,0,0,0,0,8.5631,0.100144,-1,0,0,0,0,0,1.0,0,0,0,0,0,1,1,0,0,0,0,0,0,-1,1,0,0,0,1,2,0,0
273,xgboost,abalone_size_4177,20,4177,0,0.2,25,3,0,0,0,0,0,0,0,0,0,0,0,0,3.03781,0.0267262,0,0,0,0,0,0,3.03547,0.131199,-1,0,0,0,0,0,1.0,0,0,0,0,0,1,1,0,0,0,0,0,0,-1,1,0,0,0,1,2,0,0
276,xgboost,abalone_size_4177,20,4177,0,0.2,400,6,0,0,0,0,0,0,0,0,0,0,0,0,1.97585,0.0622872,0,0,0,0,0,0,2.16372,0.116333,-1,0,0,0,0,0,1.0,0,0,0,0,0,1,15,0,0,0,0,0,0,-1,1,0,0,1,1,2,0,0
277,xgboost,abalone_size_4177,20,4177,0,0.3,200,3,0,0,0,0,0,0,0,0,0,0,0,0,2.00302,0.0377676,0,0,0,0,0,0,2.17016,0.117331,-1,0,0,0,0,0,1.0,0,0,0,0,0,1,15,0,0,0,0,0,0,-1,1,0,0,0,1,2,0,0
279,xgboost,abalone_size_4177,20,4177,0,0.3,100,2,0,0,0,0,0,0,0,0,0,0,0,0,2.08603,0.0263167,0,0,0,0,0,0,2.18374,0.12514,-1,0,0,0,0,0,1.0,0,0,0,0,0,1,15,0,0,0,0,0,0,-1,1,0,0,0,1,2,0,0
281,xgboost,abalone_size_4177,20,4177,0,0.3,25,2,0,0,0,0,0,0,0,0,0,0,0,0,2.62163,0.0287534,0,0,0,0,0,0,2.632,0.117974,-1,0,0,0,0,0,1.0,0,0,0,0,0,1,15,0,0,0,0,0,0,-1,1,0,0,0,1,2,0,0
283,xgboost,abalone_size_4177,20,4177,0,0.1,400,6,0,0,0,0,0,0,0,0,0,0,0,0,2.08487,0.0493733,0,0,0,0,0,0,2.18725,0.110923,-1,0,0,0,0,0,1.0,0,0,0,0,0,1,1,0,0,0,0,0,0,-1,1,0,0,1,1,2,0,0
284,xgboost,abalone_size_4177,20,4177,0,0.2,300,3,0,0,0,0,0,0,0,0,0,0,0,0,2.10631,0.0439836,0,0,0,0,0,0,2.19193,0.122481,-1,0,0,0,0,0,1.0,0,0,0,0,0,1,1,0,0,0,0,0,0,-1,1,0,0,0,1,2,0,0
286,xgboost,abalone_size_4177,20,4177,0,0.3,200,3,0,0,0,0,0,0,0,0,0,0,0,0,2.08248,0.0537387,0,0,0,0,0,0,2.18909,0.119525,-1,0,0,0,0,0,1.0,0,0,0,0,0,1,1,0,0,0,0,0,0,-1,1,0,0,1,1,2,0,0
290,xgboost,abalone_size_4177,20,4177,0,0.1,400,3,0,0,0,0,0,0,0,0,0,0,0,0,2.04048,0.026043,0,0,0,0,0,0,2.16854,0.124876,-1,0,0,0,0,0,1.0,0,0,0,0,0,1,15,0,0,0,0,0,0,-1,1,0,0,1,1,2,0,0
291,xgboost,abalone_size_4177,20,4177,0,0.1,5,5,0,0,0,0,0,0,0,0,0,0,0,0,9.49752,0.0244303,0,0,0,0,0,0,9.49709,0.0972284,-1,0,0,0,0,0,1.0,0,0,0,0,0,1,1,0,0,0,0,0,0,-1,1,0,0,0,1,2,0,0
293,xgboost,abalone_size_4177,20,4177,0,0.1,25,3,0,0,0,0,0,0,0,0,0,0,0,0,5.89349,0.0282874,0,0,0,0,0,0,5.89253,0.111986,-1,0,0,0,0,0,1.0,0,0,0,0,0,1,1,0,0,0,0,0,0,-1,1,0,0,1,1,2,0,0
294,xgboost,abalone_size_4177,20,4177,0,0.1,100,3,0,0,0,0,0,0,0,0,0,0,0,0,2.37537,0.038521,0,0,0,0,0,0,2.39824,0.105767,-1,0,0,0,0,0,1.0,0,0,0,0,0,1,1,0,0,0,0,0,0,-1,1,0,0,1,1,2,0,0
307,xgboost,abalone_size_4177,20,4177,0,0.2,150,6,0,0,0,0,0,0,0,0,0,0,0,0,2.0066,0.0304109,0,0,0,0,0,0,2.16804,0.116682,-1,0,0,0,0,0,1.0,0,0,0,0,0,1,15,0,0,0,0,0,0,-1,1,0,0,1,1,2,0,0
308,xgboost,abalone_size_4177,20,4177,0,0.2,10,3,0,0,0,0,0,0,0,0,0,0,0,0,6.75283,0.0271003,0,0,0,0,0,0,6.75206,0.107492,-1,0,0,0,0,0,1.0,0,0,0,0,0,1,1,0,0,0,0,0,0,-1,1,0,0,0,1,2,0,0
309,xgboost,abalone_size_4177,20,4177,0,0.1,10,3,0,0,0,0,0,0,0,0,0,0,0,0,8.56362,0.0251841,0,0,0,0,0,0,8.5631,0.100144,-1,0,0,0,0,0,1.0,0,0,0,0,0,1,15,0,0,0,0,0,0,-1,1,0,0,1,1,2,0,0
310,xgboost,abalone_size_4177,20,4177,0,0.1,600,6,0,0,0,0,0,0,0,0,0,0,0,0,1.98512,0.0533575,0,0,0,0,0,0,2.16552,0.114353,-1,0,0,0,0,0,1.0,0,0,0,0,0,1,15,0,0,0,0,0,0,-1,1,0,0,0,1,2,0,0
311,xgboost,abalone_size_4177,20,4177,0,0.2,150,2,0,0,0,0,0,0,0,0,0,0,0,0,2.10462,0.0311914,0,0,0,0,0,0,2.19071,0.119116,-1,0,0,0,0,0,1.0,0,0,0,0,0,1,15,0,0,0,0,0,0,-1,1,0,0,1,1,2,0,0
313,xgboost,abalone_size_4177,20,4177,0,0.3,150,2,0,0,0,0,0,0,0,0,0,0,0,0,2.12716,0.0492307,0,0,0,0,0,0,2.20416,0.10459,-1,0,0,0,0,0,1.0,0,0,0,0,0,1,1,0,0,0,0,0,0,-1,1,0,0,1,1,2,0,0
317,xgboost,abalone_size_4177,20,4177,0,0.2,25,6,0,0,0,0,0,0,0,0,0,0,0,0,3.02484,0.0313244,0,0,0,0,0,0,3.0243,0.132677,-1,0,0,0,0,0,1.0,0,0,0,0,0,1,1,0,0,0,0,0,0,-1,1,0,0,0,1,2,0,0
318,xgboost,abalone_size_4177,20,4177,0,0.1,200,3,0,0,0,0,0,0,0,0,0,0,0,0,2.11695,0.0302429,0,0,0,0,0,0,2.19641,0.12084,-1,0,0,0,0,0,1.0,0,0,0,0,0,1,15,0,0,0,0,0,0,-1,1,0,0,1,1,2,0,0
319,xgboost,abalone_size_4177,20,4177,0,0.1,300,6,0,0,0,0,0,0,0,0,0,0,0,0,1.99947,0.0406033,0,0,0,0,0,0,2.16276,0.114051,-1,0,0,0,0,0,1.0,0,0,0,0,0,1,15,0,0,0,0,0,0,-1,1,0,0,0,1,2,0,0
322,xgboost,abalone_size_4177,20,4177,0,0.2,10,5,0,0,0,0,0,0,0,0,0,0,0,0,6.75283,0.0271003,0,0,0,0,0,0,6.75206,0.107492,-1,0,0,0,0,0,1.0,0,0,0,0,0,1,15,0,0,0,0,0,0,-1,1,0,0,0,1,2,0,0
323,xgboost,abalone_size_4177,20,4177,0,0.2,10,5,0,0,0,0,0,0,0,0,0,0,0,0,6.75283,0.0271003,0,0,0,0,0,0,6.75206,0.107492,-1,0,0,0,0,0,1.0,0,0,0,0,0,1,1,0,0,0,0,0,0,-1,1,0,0,1,1,2,0,0
324,xgboost,abalone_size_4177,20,4177,0,0.1,10,2,0,0,0,0,0,0,0,0,0,0,0,0,8.56362,0.0251841,0,0,0,0,0,0,8.5631,0.100144,-1,0,0,0,0,0,1.0,0,0,0,0,0,1,1,0,0,0,0,0,0,-1,1,0,0,0,1,2,0,0
325,xgboost,abalone_size_4177,20,4177,0,0.3,50,2,0,0,0,0,0,0,0,0,0,0,0,0,2.26859,0.0342502,0,0,0,0,0,0,2.30487,0.105271,-1,0,0,0,0,0,1.0,0,0,0,0,0,1,1,0,0,0,0,0,0,-1,1,0,0,1,1,2,0,0
326,xgboost,abalone_size_4177,20,4177,0,0.1,100,6,0,0,0,0,0,0,0,0,0,0,0,0,2.25435,0.0362839,0,0,0,0,0,0,2.29707,0.104809,-1,0,0,0,0,0,1.0,0,0,0,0,0,1,15,0,0,0,0,0,0,-1,1,0,0,0,1,2,0,0
328,xgboost,abalone_size_4177,20,4177,0,0.1,50,5,0,0,0,0,0,0,0,0,0,0,0,0,3.04072,0.028842,0,0,0,0,0,0,3.03886,0.134568,-1,0,0,0,0,0,1.0,0,0,0,0,0,1,1,0,0,0,0,0,0,-1,1,0,0,0,1,2,0,0
330,xgboost,abalone_size_4177,20,4177,0,0.3,150,5,0,0,0,0,0,0,0,0,0,0,0,0,1.98535,0.0450545,0,0,0,0,0,0,2.16531,0.120585,-1,0,0,0,0,0,1.0,0,0,0,0,0,1,15,0,0,0,0,0,0,-1,1,0,0,0,1,2,0,0
335,xgboost,abalone_size_4177,20,4177,0,0.3,200,2,0,0,0,0,0,0,0,0,0,0,0,0,2.02768,0.0303475,0,0,0,0,0,0,2.16893,0.125615,-1,0,0,0,0,0,1.0,0,0,0,0,0,1,15,0,0,0,0,0,0,-1,1,0,0,0,1,2,0,0
336,xgboost,abalone_size_4177,20,4177,0,0.2,100,5,0,0,0,0,0,0,0,0,0,0,0,0,2.09911,0.0503661,0,0,0,0,0,0,2.19266,0.112086,-1,0,0,0,0,0,1.0,0,0,0,0,0,1,1,0,0,0,0,0,0,-1,1,0,0,0,1,2,0,0
337,xgboost,abalone_size_4177,20,4177,0,0.1,50,6,0,0,0,0,0,0,0,0,0,0,0,0,3.0384,0.0281519,0,0,0,0,0,0,3.03614,0.135525,-1,0,0,0,0,0,1.0,0,0,0,0,0,1,1,0,0,0,0,0,0,-1,1,0,0,1,1,2,0,0
338,xgboost,abalone_size_4177,20,4177,0,0.3,25,2,0,0,0,0,0,0,0,0,0,0,0,0,2.62592,0.0346509,0,0,0,0,0,0,2.63269,0.116163,-1,0,0,0,0,0,1.0,0,0,0,0,0,1,1,0,0,0,0,0,0,-1,1,0,0,1,1,2,0,0
339,xgboost,abalone_size_4177,20,4177,0,0.1,150,3,0,0,0,0,0,0,0,0,0,0,0,0,2.18908,0.0298645,0,0,0,0,0,0,2.24176,0.116336,-1,0,0,0,0,0,1.0,0,0,0,0,0,1,1,0,0,0,0,0,0,-1,1,0,0,1,1,2,0,0
340,xgboost,abalone_size_4177,20,4177,0,0.3,25,5,0,0,0,0,0,0,0,0,0,0,0,0,2.58115,0.0463592,0,0,0,0,0,0,2.58715,0.108182,-1,0,0,0,0,0,1.0,0,0,0,0,0,1,1,0,0,0,0,0,0,-1,1,0,0,1,1,2,0,0
342,xgboost,abalone_size_4177,20,4177,0,0.1,300,3,0,0,0,0,0,0,0,0,0,0,0,0,2.05522,0.0254203,0,0,0,0,0,0,2.17366,0.119846,-1,0,0,0,0,0,1.0,0,0,0,0,0,1,15,0,0,0,0,0,0,-1,1,0,0,1,1,2,0,0
346,xgboost,abalone_size_4177,20,4177,0,0.1,25,5,0,0,0,0,0,0,0,0,0,0,0,0,5.89349,0.0282874,0,0,0,0,0,0,5.89253,0.111986,-1,0,0,0,0,0,1.0,0,0,0,0,0,1,1,0,0,0,0,0,0,-1,1,0,0,0,1,2,0,0
347,xgboost,abalone_size_4177,20,4177,0,0.3,50,2,0,0,0,0,0,0,0,0,0,0,0,0,2.27508,0.0302871,0,0,0,0,0,0,2.31248,0.115465,-1,0,0,0,0,0,1.0,0,0,0,0,0,1,1,0,0,0,0,0,0,-1,1,0,0,0,1,2,0,0
348,xgboost,abalone_size_4177,20,4177,0,0.2,500,3,0,0,0,0,0,0,0,0,0,0,0,0,2.1143,0.0517316,0,0,0,0,0,0,2.1951,0.120632,-1,0,0,0,0,0,1.0,0,0,0,0,0,1,1,0,0,0,0,0,0,-1,1,0,0,0,1,2,0,0
349,xgboost,abalone_size_4177,20,4177,0,0.2,500,5,0,0,0,0,0,0,0,0,0,0,0,0,2.06007,0.0748519,0,0,0,0,0,0,2.18507,0.11253,-1,0,0,0,0,0,1.0,0,0,0,0,0,1,1,0,0,0,0,0,0,-1,1,0,0,0,1,2,0,0
350,xgboost,abalone_size_4177,20,4177,0,0.3,50,5,0,0,0,0,0,0,0,0,0,0,0,0,2.12778,0.033543,0,0,0,0,0,0,2.2096,0.116929,-1,0,0,0,0,0,1.0,0,0,0,0,0,1,1,0,0,0,0,0,0,-1,1,0,0,0,1,2,0,0
354,xgboost,abalone_size_4177,20,4177,0,0.2,25,5,0,0,0,0,0,0,0,0,0,0,0,0,3.03089,0.028793,0,0,0,0,0,0,3.02832,0.131015,-1,0,0,0,0,0,1.0,0,0,0,0,0,1,15,0,0,0,0,0,0,-1,1,0,0,1,1,2,0,0
357,xgboost,abalone_size_4177,20,4177,0,0.2,600,5,0,0,0,0,0,0,0,0,0,0,0,0,2.07422,0.0586661,0,0,0,0,0,0,2.18402,0.122064,-1,0,0,0,0,0,1.0,0,0,0,0,0,1,1,0,0,0,0,0,0,-1,1,0,0,1,1,2,0,0
360,xgboost,abalone_size_4177,20,4177,0,0.1,25,5,0,0,0,0,0,0,0,0,0,0,0,0,5.89349,0.0282874,0,0,0,0,0,0,5.89253,0.111986,-1,0,0,0,0,0,1.0,0,0,0,0,0,1,15,0,0,0,0,0,0,-1,1,0,0,0,1,2,0,0
362,xgboost,abalone_size_4177,20,4177,0,0.1,400,6,0,0,0,0,0,0,0,0,0,0,0,0,1.98952,0.0526195,0,0,0,0,0,0,2.16709,0.117041,-1,0,0,0,0,0,1.0,0,0,0,0,0,1,15,0,0,0,0,0,0,-1,1,0,0,0,1,2,0,0
368,xgboost,abalone_size_4177,20,4177,0,0.3,500,3,0,0,0,0,0,0,0,0,0,0,0,0,1.98558,0.0528507,0,0,0,0,0,0,2.17258,0.114892,-1,0,0,0,0,0,1.0,0,0,0,0,0,1,15,0,0,0,0,0,0,-1,1,0,0,0,1,2,0,0
369,xgboost,abalone_size_4177,20,4177,0,0.1,150,2,0,0,0,0,0,0,0,0,0,0,0,0,2.25711,0.0309241,0,0,0,0,0,0,2.29549,0.116702,-1,0,0,0,0,0,1.0,0,0,0,0,0,1,15,0,0,0,0,0,0,-1,1,0,0,0,1,2,0,0
371,xgboost,abalone_size_4177,20,4177,0,0.2,10,2,0,0,0,0,0,0,0,0,0,0,0,0,6.75283,0.0271003,0,0,0,0,0,0,6.75206,0.107492,-1,0,0,0,0,0,1.0,0,0,0,0,0,1,1,0,0,0,0,0,0,-1,1,0,0,1,1,2,0,0
372,xgboost,abalone_size_4177,20,4177,0,0.2,600,5,0,0,0,0,0,0,0,0,0,0,0,0,1.96814,0.0636417,0,0,0,0,0,0,2.16743,0.115991,-1,0,0,0,0,0,1.0,0,0,0,0,0,1,15,0,0,0,0,0,0,-1,1,0,0,0,1,2,0,0
375,xgboost,abalone_size_4177,20,4177,0,0.1,50,5,0,0,0,0,0,0,0,0,0,0,0,0,3.04131,0.0236698,0,0,0,0,0,0,3.03863,0.136243,-1,0,0,0,0,0,1.0,0,0,0,0,0,1,15,0,0,0,0,0,0,-1,1,0,0,1,1,2,0,0
379,xgboost,abalone_size_4177,20,4177,0,0.2,100,2,0,0,0,0,0,0,0,0,0,0,0,0,2.18403,0.0317822,0,0,0,0,0,0,2.23553,0.115503,-1,0,0,0,0,0,1.0,0,0,0,0,0,1,1,0,0,0,0,0,0,-1,1,0,0,1,1,2,0,0
380,xgboost,abalone_size_4177,20,4177,0,0.3,400,6,0,0,0,0,0,0,0,0,0,0,0,0,2.05545,0.0609214,0,0,0,0,0,0,2.18582,0.116698,-1,0,0,0,0,0,1.0,0,0,0,0,0,1,1,0,0,0,0,0,0,-1,1,0,0,1,1,2,0,0
381,xgboost,abalone_size_4177,20,4177,0,0.2,50,2,0,0,0,0,0,0,0,0,0,0,0,0,2.45302,0.0340222,0,0,0,0,0,0,2.47238,0.103469,-1,0,0,0,0,0,1.0,0,0,0,0,0,1,1,0,0,0,0,0,0,-1,1,0,0,0,1,2,0,0
384,xgboost,abalone_size_4177,20,4177,0,0.2,300,5,0,0,0,0,0,0,0,0,0,0,0,0,2.09512,0.0458539,0,0,0,0,0,0,2.19228,0.119032,-1,0,0,0,0,0,1.0,0,0,0,0,0,1,1,0,0,0,0,0,0,-1,1,0,0,1,1,2,0,0
387,xgboost,abalone_size_4177,20,4177,0,0.3,5,5,0,0,0,0,0,0,0,0,0,0,0,0,7.64644,0.0260676,0,0,0,0,0,0,7.64582,0.103545,-1,0,0,0,0,0,1.0,0,0,0,0,0,1,15,0,0,0,0,0,0,-1,1,0,0,0,1,2,0,0
388,xgboost,abalone_size_4177,20,4177,0,0.2,25,3,0,0,0,0,0,0,0,0,0,0,0,0,3.03581,0.0286121,0,0,0,0,0,0,3.03093,0.130137,-1,0,0,0,0,0,1.0,0,0,0,0,0,1,15,0,0,0,0,0,0,-1,1,0,0,1,1,2,0,0
389,xgboost,abalone_size_4177,20,4177,0,0.2,400,6,0,0,0,0,0,0,0,0,0,0,0,0,2.04958,0.0781768,0,0,0,0,0,0,2.18639,0.112536,-1,0,0,0,0,0,1.0,0,0,0,0,0,1,1,0,0,0,0,0,0,-1,1,0,0,0,1,2,0,0
390,xgboost,abalone_size_4177,20,4177,0,0.3,100,2,0,0,0,0,0,0,0,0,0,0,0,0,2.10467,0.0299273,0,0,0,0,0,0,2.19126,0.126139,-1,0,0,0,0,0,1.0,0,0,0,0,0,1,15,0,0,0,0,0,0,-1,1,0,0,1,1,2,0,0
391,xgboost,abalone_size_4177,20,4177,0,0.1,300,5,0,0,0,0,0,0,0,0,0,0,0,0,2.02371,0.027015,0,0,0,0,0,0,2.16781,0.121026,-1,0,0,0,0,0,1.0,0,0,0,0,0,1,15,0,0,0,0,0,0,-1,1,0,0,1,1,2,0,0
392,xgboost,abalone_size_4177,20,4177,0,0.3,400,5,0,0,0,0,0,0,0,0,0,0,0,0,2.05033,0.106592,0,0,0,0,0,0,2.19621,0.118539,-1,0,0,0,0,0,1.0,0,0,0,0,0,1,1,0,0,0,0,0,0,-1,1,0,0,0,1,2,0,0
399,xgboost,abalone_size_4177,20,4177,0,0.3,5,2,0,0,0,0,0,0,0,0,0,0,0,0,7.64644,0.0260676,0,0,0,0,0,0,7.64582,0.103545,-1,0,0,0,0,0,1.0,0,0,0,0,0,1,15,0,0,0,0,0,0,-1,1,0,0,0,1,2,0,0
401,xgboost,abalone_size_4177,20,4177,0,0.1,100,5,0,0,0,0,0,0,0,0,0,0,0,0,2.30131,0.037905,0,0,0,0,0,0,2.3358,0.106555,-1,0,0,0,0,0,1.0,0,0,0,0,0,1,1,0,0,0,0,0,0,-1,1,0,0,1,1,2,0,0
402,xgboost,abalone_size_4177,20,4177,0,0.2,400,3,0,0,0,0,0,0,0,0,0,0,0,0,2.02052,0.0408021,0,0,0,0,0,0,2.16521,0.123269,-1,0,0,0,0,0,1.0,0,0,0,0,0,1,15,0,0,0,0,0,0,-1,1,0,0,1,1,2,0,0
404,xgboost,abalone_size_4177,20,4177,0,0.3,200,3,0,0,0,0,0,0,0,0,0,0,0,0,2.12424,0.041187,0,0,0,0,0,0,2.20208,0.116701,-1,0,0,0,0,0,1.0,0,0,0,0,0,1,1,0,0,0,0,0,0,-1,1,0,0,0,1,2,0,0
405,xgboost,abalone_size_4177,20,4177,0,0.1,400,2,0,0,0,0,0,0,0,0,0,0,0,0,2.14301,0.0399721,0,0,0,0,0,0,2.21732,0.118882,-1,0,0,0,0,0,1.0,0,0,0,0,0,1,1,0,0,0,0,0,0,-1,1,0,0,1,1,2,0,0
408,xgboost,abalone_size_4177,20,4177,0,0.1,300,5,0,0,0,0,0,0,0,0,0,0,0,0,2.11121,0.0448075,0,0,0,0,0,0,2.19487,0.106972,-1,0,0,0,0,0,1.0,0,0,0,0,0,1,1,0,0,0,0,0,0,-1,1,0,0,0,1,2,0,0
409,xgboost,abalone_size_4177,20,4177,0,0.2,300,2,0,0,0,0,0,0,0,0,0,0,0,0,2.03824,0.029612,0,0,0,0,0,0,2.16521,0.125553,-1,0,0,0,0,0,1.0,0,0,0,0,0,1,15,0,0,0,0,0,0,-1,1,0,0,0,1,2,0,0
412,xgboost,abalone_size_4177,20,4177,0,0.2,150,2,0,0,0,0,0,0,0,0,0,0,0,0,2.1388,0.0476026,0,0,0,0,0,0,2.2093,0.112351,-1,0,0,0,0,0,1.0,0,0,0,0,0,1,1,0,0,0,0,0,0,-1,1,0,0,1,1,2,0,0
413,xgboost,abalone_size_4177,20,4177,0,0.3,25,5,0,0,0,0,0,0,0,0,0,0,0,0,2.58015,0.0434199,0,0,0,0,0,0,2.58972,0.114441,-1,0,0,0,0,0,1.0,0,0,0,0,0,1,1,0,0,0,0,0,0,-1,1,0,0,0,1,2,0,0
414,xgboost,abalone_size_4177,20,4177,0,0.3,500,5,0,0,0,0,0,0,0,0,0,0,0,0,1.96854,0.0610964,0,0,0,0,0,0,2.17286,0.115052,-1,0,0,0,0,0,1.0,0,0,0,0,0,1,15,0,0,0,0,0,0,-1,1,0,0,1,1,2,0,0
415,xgboost,abalone_size_4177,20,4177,0,0.2,400,3,0,0,0,0,0,0,0,0,0,0,0,0,2.12089,0.0488108,0,0,0,0,0,0,2.20133,0.117732,-1,0,0,0,0,0,1.0,0,0,0,0,0,1,1,0,0,0,0,0,0,-1,1,0,0,0,1,2,0,0
416,xgboost,abalone_size_4177,20,4177,0,0.3,400,5,0,0,0,0,0,0,0,0,0,0,0,0,1.95056,0.0574324,0,0,0,0,0,0,2.1646,0.115241,-1,0,0,0,0,0,1.0,0,0,0,0,0,1,15,0,0,0,0,0,0,-1,1,0,0,1,1,2,0,0
418,xgboost,abalone_size_4177,20,4177,0,0.2,5,2,0,0,0,0,0,0,0,0,0,0,0,0,8.56362,0.0251841,0,0,0,0,0,0,8.5631,0.100144,-1,0,0,0,0,0,1.0,0,0,0,0,0,1,1,0,0,0,0,0,0,-1,1,0,0,1,1,2,0,0
420,xgboost,abalone_size_4177,20,4177,0,0.1,150,6,0,0,0,0,0,0,0,0,0,0,0,0,2.10486,0.0289229,0,0,0,0,0,0,2.19417,0.114994,-1,0,0,0,0,0,1.0,0,0,0,0,0,1,15,0,0,0,0,0,0,-1,1,0,0,1,1,2,0,0
421,xgboost,abalone_size_4177,20,4177,0,0.1,500,6,0,0,0,0,0,0,0,0,0,0,0,0,2.08107,0.0529353,0,0,0,0,0,0,2.18344,0.113853,-1,0,0,0,0,0,1.0,0,0,0,0,0,1,1,0,0,0,0,0,0,-1,1,0,0,1,1,2,0,0
422,xgboost,abalone_size_4177,20,4177,0,0.3,50,5,0,0,0,0,0,0,0,0,0,0,0,0,2.12835,0.0322378,0,0,0,0,0,0,2.20394,0.117585,-1,0,0,0,0,0,1.0,0,0,0,0,0,1,15,0,0,0,0,0,0,-1,1,0,0,1,1,2,0,0
424,xgboost,abalone_size_4177,20,4177,0,0.1,200,5,0,0,0,0,0,0,0,0,0,0,0,0,2.04221,0.026059,0,0,0,0,0,0,2.1689,0.118547,-1,0,0,0,0,0,1.0,0,0,0,0,0,1,15,0,0,0,0,0,0,-1,1,0,0,0,1,2,0,0
429,xgboost,abalone_size_4177,20,4177,0,0.3,200,6,0,0,0,0,0,0,0,0,0,0,0,0,1.95405,0.0668839,0,0,0,0,0,0,2.1694,0.113437,-1,0,0,0,0,0,1.0,0,0,0,0,0,1,15,0,0,0,0,0,0,-1,1,0,0,0,1,2,0,0
430,xgboost,abalone_size_4177,20,4177,0,0.1,5,6,0,0,0,0,0,0,0,0,0,0,0,0,9.49752,0.0244303,0,0,0,0,0,0,9.49709,0.0972284,-1,0,0,0,0,0,1.0,0,0,0,0,0,1,15,0,0,0,0,0,0,-1,1,0,0,0,1,2,0,0
431,xgboost,abalone_size_4177,20,4177,0,0.1,150,2,0,0,0,0,0,0,0,0,0,0,0,0,2.2742,0.0353201,0,0,0,0,0,0,2.30868,0.111104,-1,0,0,0,0,0,1.0,0,0,0,0,0,1,15,0,0,0,0,0,0,-1,1,0,0,1,1,2,0,0
433,xgboost,abalone_size_4177,20,4177,0,0.3,100,2,0,0,0,0,0,0,0,0,0,0,0,0,2.13378,0.0456871,0,0,0,0,0,0,2.21111,0.112724,-1,0,0,0,0,0,1.0,0,0,0,0,0,1,1,0,0,0,0,0,0,-1,1,0,0,0,1,2,0,0
434,xgboost,abalone_size_4177,20,4177,0,0.1,200,3,0,0,0,0,0,0,0,0,0,0,0,0,2.13253,0.0307536,0,0,0,0,0,0,2.20645,0.121738,-1,0,0,0,0,0,1.0,0,0,0,0,0,1,1,0,0,0,0,0,0,-1,1,0,0,1,1,2,0,0
435,xgboost,abalone_size_4177,20,4177,0,0.2,300,5,0,0,0,0,0,0,0,0,0,0,0,0,2.08351,0.0497669,0,0,0,0,0,0,2.18936,0.12121,-1,0,0,0,0,0,1.0,0,0,0,0,0,1,1,0,0,0,0,0,0,-1,1,0,0,0,1,2,0,0
437,xgboost,abalone_size_4177,20,4177,0,0.1,400,6,0,0,0,0,0,0,0,0,0,0,0,0,2.08182,0.0451862,0,0,0,0,0,0,2.18229,0.116035,-1,0,0,0,0,0,1.0,0,0,0,0,0,1,1,0,0,0,0,0,0,-1,1,0,0,0,1,2,0,0
438,xgboost,abalone_size_4177,20,4177,0,0.1,300,2,0,0,0,0,0,0,0,0,0,0,0,0,2.09261,0.0282793,0,0,0,0,0,0,2.1833,0.123631,-1,0,0,0,0,0,1.0,0,0,0,0,0,1,15,0,0,0,0,0,0,-1,1,0,0,0,1,2,0,0
439,xgboost,abalone_size_4177,20,4177,0,0.2,150,5,0,0,0,0,0,0,0,0,0,0,0,0,2.00182,0.0349355,0,0,0,0,0,0,2.16709,0.122961,-1,0,0,0,0,0,1.0,0,0,0,0,0,1,15,0,0,0,0,0,0,-1,1,0,0,0,1,2,0,0
440,xgboost,abalone_size_4177,20,4177,0,0.1,600,2,0,0,0,0,0,0,0,0,0,0,0,0,2.13676,0.0508955,0,0,0,0,0,0,2.2121,0.110862,-1,0,0,0,0,0,1.0,0,0,0,0,0,1,1,0,0,0,0,0,0,-1,1,0,0,1,1,2,0,0
443,xgboost,abalone_size_4177,20,4177,0,0.2,400,2,0,0,0,0,0,0,0,0,0,0,0,0,2.03501,0.0329685,0,0,0,0,0,0,2.17028,0.12601,-1,0,0,0,0,0,1.0,0,0,0,0,0,1,15,0,0,0,0,0,0,-1,1,0,0,1,1,2,0,0
444,xgboost,abalone_size_4177,20,4177,0,0.1,150,5,0,0,0,0,0,0,0,0,0,0,0,0,2.12641,0.0294947,0,0,0,0,0,0,2.20649,0.119123,-1,0,0,0,0,0,1.0,0,0,0,0,0,1,1,0,0,0,0,0,0,-1,1,0,0,1,1,2,0,0
445,xgboost,abalone_size_4177,20,4177,0,0.1,150,2,0,0,0,0,0,0,0,0,0,0,0,0,2.27525,0.030185,0,0,0,0,0,0,2.31633,0.112303,-1,0,0,0,0,0,1.0,0,0,0,0,0,1,1,0,0,0,0,0,0,-1,1,0,0,1,1,2,0,0
447,xgboost,abalone_size_4177,20,4177,0,0.2,50,3,0,0,0,0,0,0,0,0,0,0,0,0,2.34731,0.0371034,0,0,0,0,0,0,2.37382,0.104556,-1,0,0,0,0,0,1.0,0,0,0,0,0,1,15,0,0,0,0,0,0,-1,1,0,0,0,1,2,0,0
450,xgboost,abalone_size_4177,20,4177,0,0.3,150,6,0,0,0,0,0,0,0,0,0,0,0,0,1.97759,0.0410241,0,0,0,0,0,0,2.16306,0.114264,-1,0,0,0,0,0,1.0,0,0,0,0,0,1,15,0,0,0,0,0,0,-1,1,0,0,1,1,2,0,0
452,xgboost,abalone_size_4177,20,4177,0,0.3,500,5,0,0,0,0,0,0,0,0,0,0,0,0,2.07434,0.0716995,0,0,0,0,0,0,2.19524,0.107502,-1,0,0,0,0,0,1.0,0,0,0,0,0,1,1,0,0,0,0,0,0,-1,1,0,0,0,1,2,0,0
454,xgboost,abalone_size_4177,20,4177,0,0.1,600,3,0,0,0,0,0,0,0,0,0,0,0,0,2.02617,0.0331024,0,0,0,0,0,0,2.16451,0.122963,-1,0,0,0,0,0,1.0,0,0,0,0,0,1,15,0,0,0,0,0,0,-1,1,0,0,1,1,2,0,0
456,xgboost,abalone_size_4177,20,4177,0,0.2,300,2,0,0,0,0,0,0,0,0,0,0,0,0,2.13737,0.0450426,0,0,0,0,0,0,2.20838,0.112955,-1,0,0,0,0,0,1.0,0,0,0,0,0,1,1,0,0,0,0,0,0,-1,1,0,0,1,1,2,0,0
459,xgboost,abalone_size_4177,20,4177,0,0.1,600,2,0,0,0,0,0,0,0,0,0,0,0,0,2.13848,0.0469075,0,0,0,0,0,0,2.21017,0.112723,-1,0,0,0,0,0,1.0,0,0,0,0,0,1,1,0,0,0,0,0,0,-1,1,0,0,0,1,2,0,0
460,xgboost,abalone_size_4177,20,4177,0,0.1,400,5,0,0,0,0,0,0,0,0,0,0,0,0,2.10535,0.0448997,0,0,0,0,0,0,2.19298,0.110664,-1,0,0,0,0,0,1.0,0,0,0,0,0,1,1,0,0,0,0,0,0,-1,1,0,0,0,1,2,0,0
461,xgboost,abalone_size_4177,20,4177,0,0.3,150,6,0,0,0,0,0,0,0,0,0,0,0,0,2.07539,0.0656631,0,0,0,0,0,0,2.19205,0.112439,-1,0,0,0,0,0,1.0,0,0,0,0,0,1,1,0,0,0,0,0,0,-1,1,0,0,0,1,2,0,0
462,xgboost,abalone_size_4177,20,4177,0,0.3,100,2,0,0,0,0,0,0,0,0,0,0,0,0,2.13294,0.0379286,0,0,0,0,0,0,2.2085,0.119335,-1,0,0,0,0,0,1.0,0,0,0,0,0,1,1,0,0,0,0,0,0,-1,1,0,0,1,1,2,0,0
464,xgboost,abalone_size_4177,20,4177,0,0.3,10,6,0,0,0,0,0,0,0,0,0,0,0,0,5.08584,0.0295832,0,0,0,0,0,0,5.08463,0.116817,-1,0,0,0,0,0,1.0,0,0,0,0,0,1,15,0,0,0,0,0,0,-1,1,0,0,1,1,2,0,0
465,xgboost,abalone_size_4177,20,4177,0,0.1,50,5,0,0,0,0,0,0,0,0,0,0,0,0,3.04134,0.0254935,0,0,0,0,0,0,3.03783,0.134503,-1,0,0,0,0,0,1.0,0,0,0,0,0,1,15,0,0,0,0,0,0,-1,1,0,0,0,1,2,0,0
469,xgboost,abalone_size_4177,20,4177,0,0.2,5,5,0,0,0,0,0,0,0,0,0,0,0,0,8.56362,0.0251841,0,0,0,0,0,0,8.5631,0.100144,-1,0,0,0,0,0,1.0,0,0,0,0,0,1,15,0,0,0,0,0,0,-1,1,0,0,0,1,2,0,0
471,xgboost,abalone_size_4177,20,4177,0,0.3,50,6,0,0,0,0,0,0,0,0,0,0,0,0,2.1079,0.0360893,0,0,0,0,0,0,2.19611,0.111696,-1,0,0,0,0,0,1.0,0,0,0,0,0,1,1,0,0,0,0,0,0,-1,1,0,0,1,1,2,0,0
474,xgboost,abalone_size_4177,20,4177,0,0.1,150,2,0,0,0,0,0,0,0,0,0,0,0,0,2.2749,0.0305654,0,0,0,0,0,0,2.3114,0.110713,-1,0,0,0,0,0,1.0,0,0,0,0,0,1,1,0,0,0,0,0,0,-1,1,0,0,0,1,2,0,0
475,xgboost,abalone_size_4177,20,4177,0,0.2,50,5,0,0,0,0,0,0,0,0,0,0,0,0,2.30235,0.0379351,0,0,0,0,0,0,2.33224,0.1085,-1,0,0,0,0,0,1.0,0,0,0,0,0,1,15,0,0,0,0,0,0,-1,1,0,0,1,1,2,0,0
476,xgboost,abalone_size_4177,20,4177,0,0.2,300,5,0,0,0,0,0,0,0,0,0,0,0,0,1.99921,0.0366537,0,0,0,0,0,0,2.16383,0.116021,-1,0,0,0,0,0,1.0,0,0,0,0,0,1,15,0,0,0,0,0,0,-1,1,0,0,1,1,2,0,0
478,xgboost,abalone_size_4177,20,4177,0,0.3,400,2,0,0,0,0,0,0,0,0,0,0,0,0,2.0375,0.0310319,0,0,0,0,0,0,2.17279,0.124732,-1,0,0,0,0,0,1.0,0,0,0,0,0,1,15,0,0,0,0,0,0,-1,1,0,0,1,1,2,0,0
481,xgboost,abalone_size_4177,20,4177,0,0.2,25,5,0,0,0,0,0,0,0,0,0,0,0,0,3.02815,0.0301219,0,0,0,0,0,0,3.02627,0.12954,-1,0,0,0,0,0,1.0,0,0,0,0,0,1,15,0,0,0,0,0,0,-1,1,0,0,0,1,2,0,0
485,xgboost,abalone_size_4177,20,4177,0,0.2,300,2,0,0,0,0,0,0,0,0,0,0,0,0,2.04375,0.0302864,0,0,0,0,0,0,2.17059,0.123295,-1,0,0,0,0,0,1.0,0,0,0,0,0,1,15,0,0,0,0,0,0,-1,1,0,0,1,1,2,0,0
488,xgboost,abalone_size_4177,20,4177,0,0.1,400,3,0,0,0,0,0,0,0,0,0,0,0,0,2.0366,0.0343569,0,0,0,0,0,0,2.16845,0.123098,-1,0,0,0,0,0,1.0,0,0,0,0,0,1,15,0,0,0,0,0,0,-1,1,0,0,0,1,2,0,0
491,xgboost,abalone_size_4177,20,4177,0,0.2,500,3,0,0,0,0,0,0,0,0,0,0,0,0,2.11842,0.0498788,0,0,0,0,0,0,2.19378,0.115664,-1,0,0,0,0,0,1.0,0,0,0,0,0,1,1,0,0,0,0,0,0,-1,1,0,0,1,1,2,0,0
492,xgboost,abalone_size_4177,20,4177,0,0.1,25,2,0,0,0,0,0,0,0,0,0,0,0,0,5.89349,0.0282874,0,0,0,0,0,0,5.89253,0.111986,-1,0,0,0,0,0,1.0,0,0,0,0,0,1,15,0,0,0,0,0,0,-1,1,0,0,1,1,2,0,0
498,xgboost,abalone_size_4177,20,4177,0,0.3,5,2,0,0,0,0,0,0,0,0,0,0,0,0,7.64644,0.0260676,0,0,0,0,0,0,7.64582,0.103545,-1,0,0,0,0,0,1.0,0,0,0,0,0,1,15,0,0,0,0,0,0,-1,1,0,0,1,1,2,0,0
499,xgboost,abalone_size_4177,20,4177,0,0.3,300,2,0,0,0,0,0,0,0,0,0,0,0,0,2.03892,0.0261922,0,0,0,0,0,0,2.17237,0.127579,-1,0,0,0,0,0,1.0,0,0,0,0,0,1,15,0,0,0,0,0,0,-1,1,0,0,0,1,2,0,0
504,xgboost,abalone_size_4177,20,4177,0,0.1,50,2,0,0,0,0,0,0,0,0,0,0,0,0,3.06305,0.0260406,0,0,0,0,0,0,3.06139,0.128437,-1,0,0,0,0,0,1.0,0,0,0,0,0,1,1,0,0,0,0,0,0,-1,1,0,0,1,1,2,0,0
508,xgboost,abalone_size_4177,20,4177,0,0.3,5,3,0,0,0,0,0,0,0,0,0,0,0,0,7.64644,0.0260676,0,0,0,0,0,0,7.64582,0.103545,-1,0,0,0,0,0,1.0,0,0,0,0,0,1,15,0,0,0,0,0,0,-1,1,0,0,0,1,2,0,0
509,xgboost,abalone_size_4177,20,4177,0,0.2,600,2,0,0,0,0,0,0,0,0,0,0,0,0,2.02952,0.0396498,0,0,0,0,0,0,2.1673,0.12389,-1,0,0,0,0,0,1.0,0,0,0,0,0,1,15,0,0,0,0,0,0,-1,1,0,0,0,1,2,0,0
513,xgboost,abalone_size_4177,20,4177,0,0.3,500,5,0,0,0,0,0,0,0,0,0,0,0,0,2.06363,0.0641257,0,0,0,0,0,0,2.18506,0.118498,-1,0,0,0,0,0,1.0,0,0,0,0,0,1,1,0,0,0,0,0,0,-1,1,0,0,1,1,2,0,0
518,xgboost,abalone_size_4177,20,4177,0,0.2,50,3,0,0,0,0,0,0,0,0,0,0,0,0,2.36147,0.0430314,0,0,0,0,0,0,2.38478,0.099822,-1,0,0,0,0,0,1.0,0,0,0,0,0,1,15,0,0,0,0,0,0,-1,1,0,0,1,1,2,0,0
520,xgboost,abalone_size_4177,20,4177,0,0.2,600,5,0,0,0,0,0,0,0,0,0,0,0,0,2.00412,0.0371491,0,0,0,0,0,0,2.164,0.120419,-1,0,0,0,0,0,1.0,0,0,0,0,0,1,15,0,0,0,0,0,0,-1,1,0,0,1,1,2,0,0
521,xgboost,abalone_size_4177,20,4177,0,0.2,400,3,0,0,0,0,0,0,0,0,0,0,0,0,2.1056,0.0502166,0,0,0,0,0,0,2.19646,0.122996,-1,0,0,0,0,0,1.0,0,0,0,0,0,1,1,0,0,0,0,0,0,-1,1,0,0,1,1,2,0,0
524,xgboost,abalone_size_4177,20,4177,0,0.3,25,6,0,0,0,0,0,0,0,0,0,0,0,0,2.57778,0.0427747,0,0,0,0,0,0,2.58297,0.119195,-1,0,0,0,0,0,1.0,0,0,0,0,0,1,1,0,0,0,0,0,0,-1,1,0,0,1,1,2,0,0
527,xgboost,abalone_size_4177,20,4177,0,0.3,300,2,0,0,0,0,0,0,0,0,0,0,0,0,2.12671,0.0487178,0,0,0,0,0,0,2.21156,0.107684,-1,0,0,0,0,0,1.0,0,0,0,0,0,1,1,0,0,0,0,0,0,-1,1,0,0,1,1,2,0,0
528,xgboost,abalone_size_4177,20,4177,0,0.3,10,5,0,0,0,0,0,0,0,0,0,0,0,0,5.08584,0.0295832,0,0,0,0,0,0,5.08463,0.116817,-1,0,0,0,0,0,1.0,0,0,0,0,0,1,1,0,0,0,0,0,0,-1,1,0,0,0,1,2,0,0
529,xgboost,abalone_size_4177,20,4177,0,0.2,10,5,0,0,0,0,0,0,0,0,0,0,0,0,6.75283,0.0271003,0,0,0,0,0,0,6.75206,0.107492,-1,0,0,0,0,0,1.0,0,0,0,0,0,1,15,0,0,0,0,0,0,-1,1,0,0,1,1,2,0,0
530,xgboost,abalone_size_4177,20,4177,0,0.3,500,2,0,0,0,0,0,0,0,0,0,0,0,0,2.01263,0.0384192,0,0,0,0,0,0,2.17197,0.127891,-1,0,0,0,0,0,1.0,0,0,0,0,0,1,15,0,0,0,0,0,0,-1,1,0,0,0,1,2,0,0
534,xgboost,abalone_size_4177,20,4177,0,0.3,150,3,0,0,0,0,0,0,0,0,0,0,0,0,2.0932,0.0663992,0,0,0,0,0,0,2.19511,0.110532,-1,0,0,0,0,0,1.0,0,0,0,0,0,1,1,0,0,0,0,0,0,-1,1,0,0,1,1,2,0,0
535,xgboost,abalone_size_4177,20,4177,0,0.1,100,5,0,0,0,0,0,0,0,0,0,0,0,0,2.26007,0.0312542,0,0,0,0,0,0,2.30223,0.112205,-1,0,0,0,0,0,1.0,0,0,0,0,0,1,15,0,0,0,0,0,0,-1,1,0,0,0,1,2,0,0
537,xgboost,abalone_size_4177,20,4177,0,0.3,500,3,0,0,0,0,0,0,0,0,0,0,0,0,2.00422,0.0517672,0,0,0,0,0,0,2.17055,0.119544,-1,0,0,0,0,0,1.0,0,0,0,0,0,1,15,0,0,0,0,0,0,-1,1,0,0,1,1,2,0,0
540,xgboost,abalone_size_4177,20,4177,0,0.2,400,5,0,0,0,0,0,0,0,0,0,0,0,0,1.99894,0.0446137,0,0,0,0,0,0,2.16473,0.118737,-1,0,0,0,0,0,1.0,0,0,0,0,0,1,15,0,0,0,0,0,0,-1,1,0,0,1,1,2,0,0
543,xgboost,abalone_size_4177,20,4177,0,0.3,600,6,0,0,0,0,0,0,0,0,0,0,0,0,2.06221,0.0696799,0,0,0,0,0,0,2.18791,0.114129,-1,0,0,0,0,0,1.0,0,0,0,0,0,1,1,0,0,0,0,0,0,-1,1,0,0,0,1,2,0,0
545,xgboost,abalone_size_4177,20,4177,0,0.2,5,5,0,0,0,0,0,0,0,0,0,0,0,0,8.56362,0.0251841,0,0,0,0,0,0,8.5631,0.100144,-1,0,0,0,0,0,1.0,0,0,0,0,0,1,1,0,0,0,0,0,0,-1,1,0,0,0,1,2,0,0
546,xgboost,abalone_size_4177,20,4177,0,0.2,50,3,0,0,0,0,0,0,0,0,0,0,0,0,2.37687,0.0341468,0,0,0,0,0,0,2.40312,0.106148,-1,0,0,0,0,0,1.0,0,0,0,0,0,1,1,0,0,0,0,0,0,-1,1,0,0,1,1,2,0,0
548,xgboost,abalone_size_4177,20,4177,0,0.3,5,6,0,0,0,0,0,0,0,0,0,0,0,0,7.64644,0.0260676,0,0,0,0,0,0,7.64582,0.103545,-1,0,0,0,0,0,1.0,0,0,0,0,0,1,1,0,0,0,0,0,0,-1,1,0,0,1,1,2,0,0
552,xgboost,abalone_size_4177,20,4177,0,0.1,50,3,0,0,0,0,0,0,0,0,0,0,0,0,3.04878,0.0251893,0,0,0,0,0,0,3.04554,0.133811,-1,0,0,0,0,0,1.0,0,0,0,0,0,1,15,0,0,0,0,0,0,-1,1,0,0,1,1,2,0,0
554,xgboost,abalone_size_4177,20,4177,0,0.2,500,2,0,0,0,0,0,0,0,0,0,0,0,0,2.13487,0.0517181,0,0,0,0,0,0,2.20856,0.104302,-1,0,0,0,0,0,1.0,0,0,0,0,0,1,1,0,0,0,0,0,0,-1,1,0,0,0,1,2,0,0
555,xgboost,abalone_size_4177,20,4177,0,0.2,600,3,0,0,0,0,0,0,0,0,0,0,0,0,2.10874,0.054219,0,0,0,0,0,0,2.1957,0.118798,-1,0,0,0,0,0,1.0,0,0,0,0,0,1,1,0,0,0,0,0,0,-1,1,0,0,1,1,2,0,0
558,xgboost,abalone_size_4177,20,4177,0,0.3,100,5,0,0,0,0,0,0,0,0,0,0,0,0,2.01413,0.027423,0,0,0,0,0,0,2.16435,0.11666,-1,0,0,0,0,0,1.0,0,0,0,0,0,1,15,0,0,0,0,0,0,-1,1,0,0,1,1,2,0,0
559,xgboost,abalone_size_4177,20,4177,0,0.3,25,3,0,0,0,0,0,0,0,0,0,0,0,0,2.5854,0.0526611,0,0,0,0,0,0,2.59212,0.0983979,-1,0,0,0,0,0,1.0,0,0,0,0,0,1,15,0,0,0,0,0,0,-1,1,0,0,0,1,2,0,0
561,xgboost,abalone_size_4177,20,4177,0,0.3,10,3,0,0,0,0,0,0,0,0,0,0,0,0,5.08584,0.0295832,0,0,0,0,0,0,5.08463,0.116817,-1,0,0,0,0,0,1.0,0,0,0,0,0,1,15,0,0,0,0,0,0,-1,1,0,0,0,1,2,0,0
564,xgboost,abalone_size_4177,20,4177,0,0.2,10,2,0,0,0,0,0,0,0,0,0,0,0,0,6.75283,0.0271003,0,0,0,0,0,0,6.75206,0.107492,-1,0,0,0,0,0,1.0,0,0,0,0,0,1,15,0,0,0,0,0,0,-1,1,0,0,0,1,2,0,0
565,xgboost,abalone_size_4177,20,4177,0,0.1,600,5,0,0,0,0,0,0,0,0,0,0,0,0,1.99289,0.0447096,0,0,0,0,0,0,2.16752,0.114672,-1,0,0,0,0,0,1.0,0,0,0,0,0,1,15,0,0,0,0,0,0,-1,1,0,0,0,1,2,0,0
566,xgboost,abalone_size_4177,20,4177,0,0.1,500,3,0,0,0,0,0,0,0,0,0,0,0,0,2.0283,0.0379905,0,0,0,0,0,0,2.16782,0.121096,-1,0,0,0,0,0,1.0,0,0,0,0,0,1,15,0,0,0,0,0,0,-1,1,0,0,0,1,2,0,0
567,xgboost,abalone_size_4177,20,4177,0,0.2,50,6,0,0,0,0,0,0,0,0,0,0,0,0,2.30404,0.0574771,0,0,0,0,0,0,2.33907,0.0884773,-1,0,0,0,0,0,1.0,0,0,0,0,0,1,1,0,0,0,0,0,0,-1,1,0,0,0,1,2,0,0
569,xgboost,abalone_size_4177,20,4177,0,0.2,200,2,0,0,0,0,0,0,0,0,0,0,0,0,2.05388,0.0255584,0,0,0,0,0,0,2.17301,0.12577,-1,0,0,0,0,0,1.0,0,0,0,0,0,1,15,0,0,0,0,0,0,-1,1,0,0,0,1,2,0,0
573,xgboost,abalone_size_4177,20,4177,0,0.1,400,2,0,0,0,0,0,0,0,0,0,0,0,0,2.13451,0.0514978,0,0,0,0,0,0,2.20922,0.107663,-1,0,0,0,0,0,1.0,0,0,0,0,0,1,1,0,0,0,0,0,0,-1,1,0,0,0,1,2,0,0
575,xgboost,abalone_size_4177,20,4177,0,0.3,100,3,0,0,0,0,0,0,0,0,0,0,0,0,2.11625,0.0465617,0,0,0,0,0,0,2.19921,0.117399,-1,0,0,0,0,0,1.0,0,0,0,0,0,1,1,0,0,0,0,0,0,-1,1,0,0,0,1,2,0,0
576,xgboost,abalone_size_4177,20,4177,0,0.2,50,5,0,0,0,0,0,0,0,0,0,0,0,0,2.28046,0.0357101,0,0,0,0,0,0,2.32071,0.111581,-1,0,0,0,0,0,1.0,0,0,0,0,0,1,15,0,0,0,0,0,0,-1,1,0,0,0,1,2,0,0
578,xgboost,abalone_size_4177,20,4177,0,0.2,5,6,0,0,0,0,0,0,0,0,0,0,0,0,8.56362,0.0251841,0,0,0,0,0,0,8.5631,0.100144,-1,0,0,0,0,0,1.0,0,0,0,0,0,1,15,0,0,0,0,0,0,-1,1,0,0,1,1,2,0,0
582,xgboost,abalone_size_4177,20,4177,0,0.1,150,5,0,0,0,0,0,0,0,0,0,0,0,0,2.09832,0.0291697,0,0,0,0,0,0,2.19161,0.117069,-1,0,0,0,0,0,1.0,0,0,0,0,0,1,15,0,0,0,0,0,0,-1,1,0,0,0,1,2,0,0
584,xgboost,abalone_size_4177,20,4177,0,0.3,10,2,0,0,0,0,0,0,0,0,0,0,0,0,5.08584,0.0295832,0,0,0,0,0,0,5.08463,0.116817,-1,0,0,0,0,0,1.0,0,0,0,0,0,1,15,0,0,0,0,0,0,-1,1,0,0,1,1,2,0,0
591,xgboost,abalone_size_4177,20,4177,0,0.1,600,5,0,0,0,0,0,0,0,0,0,0,0,0,2.11265,0.0427101,0,0,0,0,0,0,2.1975,0.107461,-1,0,0,0,0,0,1.0,0,0,0,0,0,1,1,0,0,0,0,0,0,-1,1,0,0,1,1,2,0,0
593,xgboost,abalone_size_4177,20,4177,0,0.1,10,6,0,0,0,0,0,0,0,0,0,0,0,0,8.56362,0.0251841,0,0,0,0,0,0,8.5631,0.100144,-1,0,0,0,0,0,1.0,0,0,0,0,0,1,1,0,0,0,0,0,0,-1,1,0,0,0,1,2,0,0
594,xgboost,abalone_size_4177,20,4177,0,0.2,50,5,0,0,0,0,0,0,0,0,0,0,0,0,2.31631,0.03739,0,0,0,0,0,0,2.3462,0.108899,-1,0,0,0,0,0,1.0,0,0,0,0,0,1,1,0,0,0,0,0,0,-1,1,0,0,1,1,2,0,0
595,xgboost,abalone_size_4177,20,4177,0,0.3,200,6,0,0,0,0,0,0,0,0,0,0,0,0,2.06833,0.0562615,0,0,0,0,0,0,2.18749,0.109098,-1,0,0,0,0,0,1.0,0,0,0,0,0,1,1,0,0,0,0,0,0,-1,1,0,0,1,1,2,0,0
597,xgboost,abalone_size_4177,20,4177,0,0.2,50,6,0,0,0,0,0,0,0,0,0,0,0,0,2.29495,0.0520785,0,0,0,0,0,0,2.3321,0.0908206,-1,0,0,0,0,0,1.0,0,0,0,0,0,1,15,0,0,0,0,0,0,-1,1,0,0,1,1,2,0,0
600,xgboost,abalone_size_4177,20,4177,0,0.2,500,5,0,0,0,0,0,0,0,0,0,0,0,0,2.06192,0.0876977,0,0,0,0,0,0,2.18733,0.110565,-1,0,0,0,0,0,1.0,0,0,0,0,0,1,1,0,0,0,0,0,0,-1,1,0,0,1,1,2,0,0
603,xgboost,abalone_size_4177,20,4177,0,0.1,200,6,0,0,0,0,0,0,0,0,0,0,0,0,2.09464,0.0431374,0,0,0,0,0,0,2.18872,0.10847,-1,0,0,0,0,0,1.0,0,0,0,0,0,1,1,0,0,0,0,0,0,-1,1,0,0,1,1,2,0,0
604,xgboost,abalone_size_4177,20,4177,0,0.1,300,3,0,0,0,0,0,0,0,0,0,0,0,0,2.11994,0.0471021,0,0,0,0,0,0,2.19902,0.113123,-1,0,0,0,0,0,1.0,0,0,0,0,0,1,1,0,0,0,0,0,0,-1,1,0,0,0,1,2,0,0
608,xgboost,abalone_size_4177,20,4177,0,0.3,600,6,0,0,0,0,0,0,0,0,0,0,0,0,1.92344,0.08716,0,0,0,0,0,0,2.17635,0.11501,-1,0,0,0,0,0,1.0,0,0,0,0,0,1,15,0,0,0,0,0,0,-1,1,0,0,0,1,2,0,0
610,xgboost,abalone_size_4177,20,4177,0,0.2,50,2,0,0,0,0,0,0,0,0,0,0,0,0,2.44807,0.0296422,0,0,0,0,0,0,2.46983,0.113025,-1,0,0,0,0,0,1.0,0,0,0,0,0,1,15,0,0,0,0,0,0,-1,1,0,0,1,1,2,0,0
612,xgboost,abalone_size_4177,20,4177,0,0.3,25,3,0,0,0,0,0,0,0,0,0,0,0,0,2.60241,0.0566011,0,0,0,0,0,0,2.61137,0.0972469,-1,0,0,0,0,0,1.0,0,0,0,0,0,1,1,0,0,0,0,0,0,-1,1,0,0,0,1,2,0,0
614,xgboost,abalone_size_4177,20,4177,0,0.1,300,6,0,0,0,0,0,0,0,0,0,0,0,0,2.08578,0.0488186,0,0,0,0,0,0,2.18609,0.108278,-1,0,0,0,0,0,1.0,0,0,0,0,0,1,1,0,0,0,0,0,0,-1,1,0,0,1,1,2,0,0
615,xgboost,abalone_size_4177,20,4177,0,0.3,300,6,0,0,0,0,0,0,0,0,0,0,0,0,2.0633,0.0629374,0,0,0,0,0,0,2.18413,0.107918,-1,0,0,0,0,0,1.0,0,0,0,0,0,1,1,0,0,0,0,0,0,-1,1,0,0,1,1,2,0,0
617,xgboost,abalone_size_4177,20,4177,0,0.2,200,2,0,0,0,0,0,0,0,0,0,0,0,0,2.13056,0.0522061,0,0,0,0,0,0,2.20486,0.107721,-1,0,0,0,0,0,1.0,0,0,0,0,0,1,1,0,0,0,0,0,0,-1,1,0,0,0,1,2,0,0
621,xgboost,abalone_size_4177,20,4177,0,0.2,150,5,0,0,0,0,0,0,0,0,0,0,0,0,2.02093,0.0315404,0,0,0,0,0,0,2.16459,0.117106,-1,0,0,0,0,0,1.0,0,0,0,0,0,1,15,0,0,0,0,0,0,-1,1,0,0,1,1,2,0,0
626,xgboost,abalone_size_4177,20,4177,0,0.3,150,2,0,0,0,0,0,0,0,0,0,0,0,0,2.04066,0.0287139,0,0,0,0,0,0,2.17128,0.123904,-1,0,0,0,0,0,1.0,0,0,0,0,0,1,15,0,0,0,0,0,0,-1,1,0,0,0,1,2,0,0
632,xgboost,abalone_size_4177,20,4177,0,0.2,100,3,0,0,0,0,0,0,0,0,0,0,0,0,2.11439,0.0305635,0,0,0,0,0,0,2.19605,0.118523,-1,0,0,0,0,0,1.0,0,0,0,0,0,1,15,0,0,0,0,0,0,-1,1,0,0,1,1,2,0,0
634,xgboost,abalone_size_4177,20,4177,0,0.2,10,6,0,0,0,0,0,0,0,0,0,0,0,0,6.75283,0.0271003,0,0,0,0,0,0,6.75206,0.107492,-1,0,0,0,0,0,1.0,0,0,0,0,0,1,1,0,0,0,0,0,0,-1,1,0,0,0,1,2,0,0
636,xgboost,abalone_size_4177,20,4177,0,0.1,600,3,0,0,0,0,0,0,0,0,0,0,0,0,2.11025,0.0542179,0,0,0,0,0,0,2.19746,0.114442,-1,0,0,0,0,0,1.0,0,0,0,0,0,1,1,0,0,0,0,0,0,-1,1,0,0,0,1,2,0,0
638,xgboost,abalone_size_4177,20,4177,0,0.2,100,5,0,0,0,0,0,0,0,0,0,0,0,0,2.06612,0.0285902,0,0,0,0,0,0,2.17428,0.119268,-1,0,0,0,0,0,1.0,0,0,0,0,0,1,15,0,0,0,0,0,0,-1,1,0,0,1,1,2,0,0
639,xgboost,abalone_size_4177,20,4177,0,0.2,600,6,0,0,0,0,0,0,0,0,0,0,0,0,2.06747,0.0619559,0,0,0,0,0,0,2.18345,0.116499,-1,0,0,0,0,0,1.0,0,0,0,0,0,1,1,0,0,0,0,0,0,-1,1,0,0,1,1,2,0,0
640,xgboost,abalone_size_4177,20,4177,0,0.3,150,3,0,0,0,0,0,0,0,0,0,0,0,0,2.10508,0.0369634,0,0,0,0,0,0,2.19586,0.130702,-1,0,0,0,0,0,1.0,0,0,0,0,0,1,1,0,0,0,0,0,0,-1,1,0,0,0,1,2,0,0
642,xgboost,abalone_size_4177,20,4177,0,0.2,50,2,0,0,0,0,0,0,0,0,0,0,0,0,2.4545,0.0349758,0,0,0,0,0,0,2.47165,0.104378,-1,0,0,0,0,0,1.0,0,0,0,0,0,1,1,0,0,0,0,0,0,-1,1,0,0,1,1,2,0,0
644,xgboost,abalone_size_4177,20,4177,0,0.1,10,2,0,0,0,0,0,0,0,0,0,0,0,0,8.56362,0.0251841,0,0,0,0,0,0,8.5631,0.100144,-1,0,0,0,0,0,1.0,0,0,0,0,0,1,1,0,0,0,0,0,0,-1,1,0,0,1,1,2,0,0
645,xgboost,abalone_size_4177,20,4177,0,0.3,5,3,0,0,0,0,0,0,0,0,0,0,0,0,7.64644,0.0260676,0,0,0,0,0,0,7.64582,0.103545,-1,0,0,0,0,0,1.0,0,0,0,0,0,1,1,0,0,0,0,0,0,-1,1,0,0,1,1,2,0,0
647,xgboost,abalone_size_4177,20,4177,0,0.1,50,3,0,0,0,0,0,0,0,0,0,0,0,0,3.04697,0.0244877,0,0,0,0,0,0,3.04368,0.133326,-1,0,0,0,0,0,1.0,0,0,0,0,0,1,15,0,0,0,0,0,0,-1,1,0,0,0,1,2,0,0
648,xgboost,abalone_size_4177,20,4177,0,0.2,500,6,0,0,0,0,0,0,0,0,0,0,0,0,2.06079,0.053362,0,0,0,0,0,0,2.18398,0.119944,-1,0,0,0,0,0,1.0,0,0,0,0,0,1,1,0,0,0,0,0,0,-1,1,0,0,1,1,2,0,0
649,xgboost,abalone_size_4177,20,4177,0,0.1,200,6,0,0,0,0,0,0,0,0,0,0,0,0,2.05484,0.0315031,0,0,0,0,0,0,2.17398,0.114592,-1,0,0,0,0,0,1.0,0,0,0,0,0,1,15,0,0,0,0,0,0,-1,1,0,0,1,1,2,0,0
658,xgboost,abalone_size_4177,20,4177,0,0.1,5,5,0,0,0,0,0,0,0,0,0,0,0,0,9.49752,0.0244303,0,0,0,0,0,0,9.49709,0.0972284,-1,0,0,0,0,0,1.0,0,0,0,0,0,1,1,0,0,0,0,0,0,-1,1,0,0,1,1,2,0,0
662,xgboost,abalone_size_4177,20,4177,0,0.2,200,6,0,0,0,0,0,0,0,0,0,0,0,0,2.07568,0.0510818,0,0,0,0,0,0,2.18505,0.112548,-1,0,0,0,0,0,1.0,0,0,0,0,0,1,1,0,0,0,0,0,0,-1,1,0,0,1,1,2,0,0
663,xgboost,abalone_size_4177,20,4177,0,0.1,10,5,0,0,0,0,0,0,0,0,0,0,0,0,8.56362,0.0251841,0,0,0,0,0,0,8.5631,0.100144,-1,0,0,0,0,0,1.0,0,0,0,0,0,1,15,0,0,0,0,0,0,-1,1,0,0,1,1,2,0,0
666,xgboost,abalone_size_4177,20,4177,0,0.2,10,2,0,0,0,0,0,0,0,0,0,0,0,0,6.75283,0.0271003,0,0,0,0,0,0,6.75206,0.107492,-1,0,0,0,0,0,1.0,0,0,0,0,0,1,15,0,0,0,0,0,0,-1,1,0,0,1,1,2,0,0
671,xgboost,abalone_size_4177,20,4177,0,0.3,5,5,0,0,0,0,0,0,0,0,0,0,0,0,7.64644,0.0260676,0,0,0,0,0,0,7.64582,0.103545,-1,0,0,0,0,0,1.0,0,0,0,0,0,1,15,0,0,0,0,0,0,-1,1,0,0,1,1,2,0,0
674,xgboost,abalone_size_4177,20,4177,0,0.3,300,3,0,0,0,0,0,0,0,0,0,0,0,0,2.1135,0.0532142,0,0,0,0,0,0,2.19664,0.115539,-1,0,0,0,0,0,1.0,0,0,0,0,0,1,1,0,0,0,0,0,0,-1,1,0,0,0,1,2,0,0
675,xgboost,abalone_size_4177,20,4177,0,0.1,500,6,0,0,0,0,0,0,0,0,0,0,0,0,2.09314,0.0544628,0,0,0,0,0,0,2.19031,0.107067,-1,0,0,0,0,0,1.0,0,0,0,0,0,1,1,0,0,0,0,0,0,-1,1,0,0,0,1,2,0,0
677,xgboost,abalone_size_4177,20,4177,0,0.3,500,2,0,0,0,0,0,0,0,0,0,0,0,0,2.02645,0.0359889,0,0,0,0,0,0,2.16917,0.126174,-1,0,0,0,0,0,1.0,0,0,0,0,0,1,15,0,0,0,0,0,0,-1,1,0,0,1,1,2,0,0
679,xgboost,abalone_size_4177,20,4177,0,0.1,600,3,0,0,0,0,0,0,0,0,0,0,0,0,2.1221,0.0499617,0,0,0,0,0,0,2.20189,0.10965,-1,0,0,0,0,0,1.0,0,0,0,0,0,1,1,0,0,0,0,0,0,-1,1,0,0,1,1,2,0,0
680,xgboost,abalone_size_4177,20,4177,0,0.2,200,5,0,0,0,0,0,0,0,0,0,0,0,0,1.99938,0.0328141,0,0,0,0,0,0,2.16436,0.11646,-1,0,0,0,0,0,1.0,0,0,0,0,0,1,15,0,0,0,0,0,0,-1,1,0,0,1,1,2,0,0
682,xgboost,abalone_size_4177,20,4177,0,0.2,150,3,0,0,0,0,0,0,0,0,0,0,0,0,2.05462,0.0281482,0,0,0,0,0,0,2.16938,0.115871,-1,0,0,0,0,0,1.0,0,0,0,0,0,1,15,0,0,0,0,0,0,-1,1,0,0,1,1,2,0,0
683,xgboost,abalone_size_4177,20,4177,0,0.1,100,3,0,0,0,0,0,0,0,0,0,0,0,0,2.34308,0.0304472,0,0,0,0,0,0,2.36941,0.110538,-1,0,0,0,0,0,1.0,0,0,0,0,0,1,15,0,0,0,0,0,0,-1,1,0,0,0,1,2,0,0
685,xgboost,abalone_size_4177,20,4177,0,0.2,5,2,0,0,0,0,0,0,0,0,0,0,0,0,8.56362,0.0251841,0,0,0,0,0,0,8.5631,0.100144,-1,0,0,0,0,0,1.0,0,0,0,0,0,1,15,0,0,0,0,0,0,-1,1,0,0,1,1,2,0,0
687,xgboost,abalone_size_4177,20,4177,0,0.1,50,6,0,0,0,0,0,0,0,0,0,0,0,0,3.03962,0.0236931,0,0,0,0,0,0,3.036,0.136021,-1,0,0,0,0,0,1.0,0,0,0,0,0,1,15,0,0,0,0,0,0,-1,1,0,0,0,1,2,0,0
689,xgboost,abalone_size_4177,20,4177,0,0.3,5,3,0,0,0,0,0,0,0,0,0,0,0,0,7.64644,0.0260676,0,0,0,0,0,0,7.64582,0.103545,-1,0,0,0,0,0,1.0,0,0,0,0,0,1,15,0,0,0,0,0,0,-1,1,0,0,1,1,2,0,0
691,xgboost,abalone_size_4177,20,4177,0,0.1,5,3,0,0,0,0,0,0,0,0,0,0,0,0,9.49752,0.0244303,0,0,0,0,0,0,9.49709,0.0972284,-1,0,0,0,0,0,1.0,0,0,0,0,0,1,1,0,0,0,0,0,0,-1,1,0,0,0,1,2,0,0
692,xgboost,abalone_size_4177,20,4177,0,0.3,400,6,0,0,0,0,0,0,0,0,0,0,0,0,1.94437,0.0682218,0,0,0,0,0,0,2.17791,0.111729,-1,0,0,0,0,0,1.0,0,0,0,0,0,1,15,0,0,0,0,0,0,-1,1,0,0,0,1,2,0,0
693,xgboost,abalone_size_4177,20,4177,0,0.2,100,3,0,0,0,0,0,0,0,0,0,0,0,0,2.09773,0.0286939,0,0,0,0,0,0,2.18847,0.120984,-1,0,0,0,0,0,1.0,0,0,0,0,0,1,15,0,0,0,0,0,0,-1,1,0,0,0,1,2,0,0
694,xgboost,abalone_size_4177,20,4177,0,0.3,300,2,0,0,0,0,0,0,0,0,0,0,0,0,2.12447,0.0428392,0,0,0,0,0,0,2.19804,0.116023,-1,0,0,0,0,0,1.0,0,0,0,0,0,1,1,0,0,0,0,0,0,-1,1,0,0,0,1,2,0,0
696,xgboost,abalone_size_4177,20,4177,0,0.1,400,5,0,0,0,0,0,0,0,0,0,0,0,0,2.09591,0.0421636,0,0,0,0,0,0,2.18865,0.116891,-1,0,0,0,0,0,1.0,0,0,0,0,0,1,1,0,0,0,0,0,0,-1,1,0,0,1,1,2,0,0
699,xgboost,abalone_size_4177,20,4177,0,0.3,300,3,0,0,0,0,0,0,0,0,0,0,0,0,2.00962,0.0465266,0,0,0,0,0,0,2.16404,0.113851,-1,0,0,0,0,0,1.0,0,0,0,0,0,1,15,0,0,0,0,0,0,-1,1,0,0,0,1,2,0,0
700,xgboost,abalone_size_4177,20,4177,0,0.2,10,3,0,0,0,0,0,0,0,0,0,0,0,0,6.75283,0.0271003,0,0,0,0,0,0,6.75206,0.107492,-1,0,0,0,0,0,1.0,0,0,0,0,0,1,15,0,0,0,0,0,0,-1,1,0,0,0,1,2,0,0
701,xgboost,abalone_size_4177,20,4177,0,0.1,300,3,0,0,0,0,0,0,0,0,0,0,0,0,2.03984,0.0248884,0,0,0,0,0,0,2.16934,0.121211,-1,0,0,0,0,0,1.0,0,0,0,0,0,1,15,0,0,0,0,0,0,-1,1,0,0,0,1,2,0,0
702,xgboost,abalone_size_4177,20,4177,0,0.2,600,3,0,0,0,0,0,0,0,0,0,0,0,0,2.10919,0.0520845,0,0,0,0,0,0,2.1934,0.123685,-1,0,0,0,0,0,1.0,0,0,0,0,0,1,1,0,0,0,0,0,0,-1,1,0,0,0,1,2,0,0
703,xgboost,abalone_size_4177,20,4177,0,0.1,50,2,0,0,0,0,0,0,0,0,0,0,0,0,3.06485,0.0260794,0,0,0,0,0,0,3.06327,0.128632,-1,0,0,0,0,0,1.0,0,0,0,0,0,1,15,0,0,0,0,0,0,-1,1,0,0,1,1,2,0,0
705,xgboost,abalone_size_4177,20,4177,0,0.1,600,2,0,0,0,0,0,0,0,0,0,0,0,0,2.04198,0.0289178,0,0,0,0,0,0,2.17065,0.127094,-1,0,0,0,0,0,1.0,0,0,0,0,0,1,15,0,0,0,0,0,0,-1,1,0,0,0,1,2,0,0
706,xgboost,abalone_size_4177,20,4177,0,0.1,500,2,0,0,0,0,0,0,0,0,0,0,0,0,2.04955,0.0307358,0,0,0,0,0,0,2.17015,0.122561,-1,0,0,0,0,0,1.0,0,0,0,0,0,1,15,0,0,0,0,0,0,-1,1,0,0,0,1,2,0,0
708,xgboost,abalone_size_4177,20,4177,0,0.1,5,6,0,0,0,0,0,0,0,0,0,0,0,0,9.49752,0.0244303,0,0,0,0,0,0,9.49709,0.0972284,-1,0,0,0,0,0,1.0,0,0,0,0,0,1,1,0,0,0,0,0,0,-1,1,0,0,0,1,2,0,0
714,xgboost,abalone_size_4177,20,4177,0,0.2,500,6,0,0,0,0,0,0,0,0,0,0,0,0,1.97473,0.0584727,0,0,0,0,0,0,2.16903,0.116655,-1,0,0,0,0,0,1.0,0,0,0,0,0,1,15,0,0,0,0,0,0,-1,1,0,0,1,1,2,0,0
715,xgboost,abalone_size_4177,20,4177,0,0.2,25,6,0,0,0,0,0,0,0,0,0,0,0,0,3.02969,0.0273028,0,0,0,0,0,0,3.02731,0.133618,-1,0,0,0,0,0,1.0,0,0,0,0,0,1,1,0,0,0,0,0,0,-1,1,0,0,1,1,2,0,0
716,xgboost,abalone_size_4177,20,4177,0,0.2,600,6,0,0,0,0,0,0,0,0,0,0,0,0,1.91291,0.0867296,0,0,0,0,0,0,2.17517,0.110198,-1,0,0,0,0,0,1.0,0,0,0,0,0,1,15,0,0,0,0,0,0,-1,1,0,0,0,1,2,0,0
718,xgboost,abalone_size_4177,20,4177,0,0.3,500,2,0,0,0,0,0,0,0,0,0,0,0,0,2.12188,0.0572248,0,0,0,0,0,0,2.21152,0.104661,-1,0,0,0,0,0,1.0,0,0,0,0,0,1,1,0,0,0,0,0,0,-1,1,0,0,1,1,2,0,0
719,xgboost,abalone_size_4177,20,4177,0,0.1,150,6,0,0,0,0,0,0,0,0,0,0,0,0,2.11088,0.0292581,0,0,0,0,0,0,2.19814,0.113994,-1,0,0,0,0,0,1.0,0,0,0,0,0,1,1,0,0,0,0,0,0,-1,1,0,0,1,1,2,0,0
721,xgboost,abalone_size_4177,20,4177,0,0.3,100,6,0,0,0,0,0,0,0,0,0,0,0,0,2.00956,0.0353232,0,0,0,0,0,0,2.16657,0.115037,-1,0,0,0,0,0,1.0,0,0,0,0,0,1,15,0,0,0,0,0,0,-1,1,0,0,1,1,2,0,0
723,xgboost,abalone_size_4177,20,4177,0,0.3,100,6,0,0,0,0,0,0,0,0,0,0,0,0,2.09188,0.0460353,0,0,0,0,0,0,2.19132,0.111437,-1,0,0,0,0,0,1.0,0,0,0,0,0,1,1,0,0,0,0,0,0,-1,1,0,0,0,1,2,0,0
727,xgboost,abalone_size_4177,20,4177,0,0.3,150,5,0,0,0,0,0,0,0,0,0,0,0,0,2.05575,0.070003,0,0,0,0,0,0,2.18784,0.116594,-1,0,0,0,0,0,1.0,0,0,0,0,0,1,1,0,0,0,0,0,0,-1,1,0,0,1,1,2,0,0
730,xgboost,abalone_size_4177,20,4177,0,0.1,25,2,0,0,0,0,0,0,0,0,0,0,0,0,5.89349,0.0282874,0,0,0,0,0,0,5.89253,0.111986,-1,0,0,0,0,0,1.0,0,0,0,0,0,1,1,0,0,0,0,0,0,-1,1,0,0,0,1,2,0,0
731,xgboost,abalone_size_4177,20,4177,0,0.3,50,2,0,0,0,0,0,0,0,0,0,0,0,0,2.27493,0.0369574,0,0,0,0,0,0,2.30979,0.111543,-1,0,0,0,0,0,1.0,0,0,0,0,0,1,15,0,0,0,0,0,0,-1,1,0,0,1,1,2,0,0
732,xgboost,abalone_size_4177,20,4177,0,0.1,300,5,0,0,0,0,0,0,0,0,0,0,0,0,2.09667,0.0580535,0,0,0,0,0,0,2.19371,0.105977,-1,0,0,0,0,0,1.0,0,0,0,0,0,1,1,0,0,0,0,0,0,-1,1,0,0,1,1,2,0,0
735,xgboost,abalone_size_4177,20,4177,0,0.3,100,5,0,0,0,0,0,0,0,0,0,0,0,0,2.07434,0.0634971,0,0,0,0,0,0,2.19012,0.117139,-1,0,0,0,0,0,1.0,0,0,0,0,0,1,1,0,0,0,0,0,0,-1,1,0,0,1,1,2,0,0
736,xgboost,abalone_size_4177,20,4177,0,0.3,500,6,0,0,0,0,0,0,0,0,0,0,0,0,1.94622,0.0785807,0,0,0,0,0,0,2.1725,0.112026,-1,0,0,0,0,0,1.0,0,0,0,0,0,1,15,0,0,0,0,0,0,-1,1,0,0,1,1,2,0,0
737,xgboost,abalone_size_4177,20,4177,0,0.3,500,6,0,0,0,0,0,0,0,0,0,0,0,0,1.95889,0.0497199,0,0,0,0,0,0,2.17274,0.109338,-1,0,0,0,0,0,1.0,0,0,0,0,0,1,15,0,0,0,0,0,0,-1,1,0,0,0,1,2,0,0
738,xgboost,abalone_size_4177,20,4177,0,0.2,100,6,0,0,0,0,0,0,0,0,0,0,0,0,2.0282,0.0274739,0,0,0,0,0,0,2.16606,0.112621,-1,0,0,0,0,0,1.0,0,0,0,0,0,1,15,0,0,0,0,0,0,-1,1,0,0,0,1,2,0,0
739,xgboost,abalone_size_4177,20,4177,0,0.3,5,6,0,0,0,0,0,0,0,0,0,0,0,0,7.64644,0.0260676,0,0,0,0,0,0,7.64582,0.103545,-1,0,0,0,0,0,1.0,0,0,0,0,0,1,15,0,0,0,0,0,0,-1,1,0,0,1,1,2,0,0
740,xgboost,abalone_size_4177,20,4177,0,0.3,100,5,0,0,0,0,0,0,0,0,0,0,0,0,1.99439,0.0326077,0,0,0,0,0,0,2.17399,0.118226,-1,0,0,0,0,0,1.0,0,0,0,0,0,1,15,0,0,0,0,0,0,-1,1,0,0,0,1,2,0,0
741,xgboost,abalone_size_4177,20,4177,0,0.1,400,5,0,0,0,0,0,0,0,0,0,0,0,0,2.0102,0.0334374,0,0,0,0,0,0,2.16366,0.121512,-1,0,0,0,0,0,1.0,0,0,0,0,0,1,15,0,0,0,0,0,0,-1,1,0,0,1,1,2,0,0
743,xgboost,abalone_size_4177,20,4177,0,0.3,10,3,0,0,0,0,0,0,0,0,0,0,0,0,5.08584,0.0295832,0,0,0,0,0,0,5.08463,0.116817,-1,0,0,0,0,0,1.0,0,0,0,0,0,1,15,0,0,0,0,0,0,-1,1,0,0,1,1,2,0,0
744,xgboost,abalone_size_4177,20,4177,0,0.3,400,6,0,0,0,0,0,0,0,0,0,0,0,0,2.05567,0.0479071,0,0,0,0,0,0,2.1844,0.119748,-1,0,0,0,0,0,1.0,0,0,0,0,0,1,1,0,0,0,0,0,0,-1,1,0,0,0,1,2,0,0
746,xgboost,abalone_size_4177,20,4177,0,0.3,5,3,0,0,0,0,0,0,0,0,0,0,0,0,7.64644,0.0260676,0,0,0,0,0,0,7.64582,0.103545,-1,0,0,0,0,0,1.0,0,0,0,0,0,1,1,0,0,0,0,0,0,-1,1,0,0,0,1,2,0,0
749,xgboost,abalone_size_4177,20,4177,0,0.1,25,5,0,0,0,0,0,0,0,0,0,0,0,0,5.89349,0.0282874,0,0,0,0,0,0,5.89253,0.111986,-1,0,0,0,0,0,1.0,0,0,0,0,0,1,1,0,0,0,0,0,0,-1,1,0,0,1,1,2,0,0
750,xgboost,abalone_size_4177,20,4177,0,0.2,25,6,0,0,0,0,0,0,0,0,0,0,0,0,3.03194,0.0277974,0,0,0,0,0,0,3.02923,0.130598,-1,0,0,0,0,0,1.0,0,0,0,0,0,1,15,0,0,0,0,0,0,-1,1,0,0,1,1,2,0,0
754,xgboost,abalone_size_4177,20,4177,0,0.3,10,5,0,0,0,0,0,0,0,0,0,0,0,0,5.08584,0.0295832,0,0,0,0,0,0,5.08463,0.116817,-1,0,0,0,0,0,1.0,0,0,0,0,0,1,1,0,0,0,0,0,0,-1,1,0,0,1,1,2,0,0
755,xgboost,abalone_size_4177,20,4177,0,0.2,300,3,0,0,0,0,0,0,0,0,0,0,0,0,2.02553,0.0377198,0,0,0,0,0,0,2.16797,0.125108,-1,0,0,0,0,0,1.0,0,0,0,0,0,1,15,0,0,0,0,0,0,-1,1,0,0,1,1,2,0,0
756,xgboost,abalone_size_4177,20,4177,0,0.2,200,3,0,0,0,0,0,0,0,0,0,0,0,0,2.02835,0.0289967,0,0,0,0,0,0,2.16849,0.121917,-1,0,0,0,0,0,1.0,0,0,0,0,0,1,15,0,0,0,0,0,0,-1,1,0,0,0,1,2,0,0
757,xgboost,abalone_size_4177,20,4177,0,0.3,10,5,0,0,0,0,0,0,0,0,0,0,0,0,5.08584,0.0295832,0,0,0,0,0,0,5.08463,0.116817,-1,0,0,0,0,0,1.0,0,0,0,0,0,1,15,0,0,0,0,0,0,-1,1,0,0,0,1,2,0,0
758,xgboost,abalone_size_4177,20,4177,0,0.1,500,2,0,0,0,0,0,0,0,0,0,0,0,0,2.13522,0.0480531,0,0,0,0,0,0,2.21201,0.108398,-1,0,0,0,0,0,1.0,0,0,0,0,0,1,1,0,0,0,0,0,0,-1,1,0,0,0,1,2,0,0
762,xgboost,abalone_size_4177,20,4177,0,0.2,150,5,0,0,0,0,0,0,0,0,0,0,0,0,2.09327,0.0422135,0,0,0,0,0,0,2.18102,0.114496,-1,0,0,0,0,0,1.0,0,0,0,0,0,1,1,0,0,0,0,0,0,-1,1,0,0,1,1,2,0,0
764,xgboost,abalone_size_4177,20,4177,0,0.1,150,5,0,0,0,0,0,0,0,0,0,0,0,0,2.12371,0.0304138,0,0,0,0,0,0,2.20487,0.114439,-1,0,0,0,0,0,1.0,0,0,0,0,0,1,1,0,0,0,0,0,0,-1,1,0,0,0,1,2,0,0
765,xgboost,abalone_size_4177,20,4177,0,0.1,600,6,0,0,0,0,0,0,0,0,0,0,0,0,2.09541,0.0524005,0,0,0,0,0,0,2.19116,0.10926,-1,0,0,0,0,0,1.0,0,0,0,0,0,1,1,0,0,0,0,0,0,-1,1,0,0,1,1,2,0,0
770,xgboost,abalone_size_4177,20,4177,0,0.3,10,6,0,0,0,0,0,0,0,0,0,0,0,0,5.08584,0.0295832,0,0,0,0,0,0,5.08463,0.116817,-1,0,0,0,0,0,1.0,0,0,0,0,0,1,15,0,0,0,0,0,0,-1,1,0,0,0,1,2,0,0
773,xgboost,abalone_size_4177,20,4177,0,0.2,400,5,0,0,0,0,0,0,0,0,0,0,0,0,2.08885,0.0680409,0,0,0,0,0,0,2.19041,0.107494,-1,0,0,0,0,0,1.0,0,0,0,0,0,1,1,0,0,0,0,0,0,-1,1,0,0,0,1,2,0,0
776,xgboost,abalone_size_4177,20,4177,0,0.1,600,2,0,0,0,0,0,0,0,0,0,0,0,0,2.05341,0.0316881,0,0,0,0,0,0,2.17418,0.12442,-1,0,0,0,0,0,1.0,0,0,0,0,0,1,15,0,0,0,0,0,0,-1,1,0,0,1,1,2,0,0
778,xgboost,abalone_size_4177,20,4177,0,0.1,100,6,0,0,0,0,0,0,0,0,0,0,0,0,2.28656,0.0422496,0,0,0,0,0,0,2.32453,0.101092,-1,0,0,0,0,0,1.0,0,0,0,0,0,1,1,0,0,0,0,0,0,-1,1,0,0,0,1,2,0,0
780,xgboost,abalone_size_4177,20,4177,0,0.2,500,3,0,0,0,0,0,0,0,0,0,0,0,0,2.01318,0.0414821,0,0,0,0,0,0,2.16489,0.12133,-1,0,0,0,0,0,1.0,0,0,0,0,0,1,15,0,0,0,0,0,0,-1,1,0,0,0,1,2,0,0
781,xgboost,abalone_size_4177,20,4177,0,0.2,500,2,0,0,0,0,0,0,0,0,0,0,0,0,2.03308,0.0324585,0,0,0,0,0,0,2.16393,0.122637,-1,0,0,0,0,0,1.0,0,0,0,0,0,1,15,0,0,0,0,0,0,-1,1,0,0,0,1,2,0,0
783,xgboost,abalone_size_4177,20,4177,0,0.1,100,6,0,0,0,0,0,0,0,0,0,0,0,0,2.28214,0.0355015,0,0,0,0,0,0,2.31895,0.107368,-1,0,0,0,0,0,1.0,0,0,0,0,0,1,1,0,0,0,0,0,0,-1,1,0,0,1,1,2,0,0
784,xgboost,abalone_size_4177,20,4177,0,0.1,50,2,0,0,0,0,0,0,0,0,0,0,0,0,3.06519,0.027055,0,0,0,0,0,0,3.0637,0.12773,-1,0,0,0,0,0,1.0,0,0,0,0,0,1,15,0,0,0,0,0,0,-1,1,0,0,0,1,2,0,0
786,xgboost,abalone_size_4177,20,4177,0,0.2,50,6,0,0,0,0,0,0,0,0,0,0,0,0,2.31116,0.0473084,0,0,0,0,0,0,2.34214,0.0973611,-1,0,0,0,0,0,1.0,0,0,0,0,0,1,1,0,0,0,0,0,0,-1,1,0,0,1,1,2,0,0
788,xgboost,abalone_size_4177,20,4177,0,0.3,400,3,0,0,0,0,0,0,0,0,0,0,0,0,2.0237,0.0419992,0,0,0,0,0,0,2.16682,0.120884,-1,0,0,0,0,0,1.0,0,0,0,0,0,1,15,0,0,0,0,0,0,-1,1,0,0,1,1,2,0,0
790,xgboost,abalone_size_4177,20,4177,0,0.2,5,3,0,0,0,0,0,0,0,0,0,0,0,0,8.56362,0.0251841,0,0,0,0,0,0,8.5631,0.100144,-1,0,0,0,0,0,1.0,0,0,0,0,0,1,1,0,0,0,0,0,0,-1,1,0,0,1,1,2,0,0
791,xgboost,abalone_size_4177,20,4177,0,0.3,200,3,0,0,0,0,0,0,0,0,0,0,0,0,2.00752,0.0401998,0,0,0,0,0,0,2.16428,0.118642,-1,0,0,0,0,0,1.0,0,0,0,0,0,1,15,0,0,0,0,0,0,-1,1,0,0,1,1,2,0,0
792,xgboost,abalone_size_4177,20,4177,0,0.1,500,2,0,0,0,0,0,0,0,0,0,0,0,0,2.14364,0.0347012,0,0,0,0,0,0,2.21527,0.121071,-1,0,0,0,0,0,1.0,0,0,0,0,0,1,1,0,0,0,0,0,0,-1,1,0,0,1,1,2,0,0
794,xgboost,abalone_size_4177,20,4177,0,0.3,50,3,0,0,0,0,0,0,0,0,0,0,0,0,2.19032,0.0330688,0,0,0,0,0,0,2.24265,0.114685,-1,0,0,0,0,0,1.0,0,0,0,0,0,1,15,0,0,0,0,0,0,-1,1,0,0,1,1,2,0,0
795,xgboost,abalone_size_4177,20,4177,0,0.3,10,3,0,0,0,0,0,0,0,0,0,0,0,0,5.08584,0.0295832,0,0,0,0,0,0,5.08463,0.116817,-1,0,0,0,0,0,1.0,0,0,0,0,0,1,1,0,0,0,0,0,0,-1,1,0,0,1,1,2,0,0
798,xgboost,abalone_size_4177,20,4177,0,0.1,10,3,0,0,0,0,0,0,0,0,0,0,0,0,8.56362,0.0251841,0,0,0,0,0,0,8.5631,0.100144,-1,0,0,0,0,0,1.0,0,0,0,0,0,1,15,0,0,0,0,0,0,-1,1,0,0,0,1,2,0,0
799,xgboost,abalone_size_4177,20,4177,0,0.2,300,6,0,0,0,0,0,0,0,0,0,0,0,0,2.07213,0.05907,0,0,0,0,0,0,2.19143,0.120487,-1,0,0,0,0,0,1.0,0,0,0,0,0,1,1,0,0,0,0,0,0,-1,1,0,0,0,1,2,0,0
801,xgboost,abalone_size_4177,20,4177,0,0.1,150,5,0,0,0,0,0,0,0,0,0,0,0,0,2.12508,0.032908,0,0,0,0,0,0,2.20521,0.115182,-1,0,0,0,0,0,1.0,0,0,0,0,0,1,15,0,0,0,0,0,0,-1,1,0,0,1,1,2,0,0
802,xgboost,abalone_size_4177,20,4177,0,0.3,400,2,0,0,0,0,0,0,0,0,0,0,0,0,2.02689,0.0328347,0,0,0,0,0,0,2.17144,0.126436,-1,0,0,0,0,0,1.0,0,0,0,0,0,1,15,0,0,0,0,0,0,-1,1,0,0,0,1,2,0,0
804,xgboost,abalone_size_4177,20,4177,0,0.2,300,5,0,0,0,0,0,0,0,0,0,0,0,0,1.97376,0.0535698,0,0,0,0,0,0,2.16525,0.11637,-1,0,0,0,0,0,1.0,0,0,0,0,0,1,15,0,0,0,0,0,0,-1,1,0,0,0,1,2,0,0
805,xgboost,abalone_size_4177,20,4177,0,0.1,200,5,0,0,0,0,0,0,0,0,0,0,0,0,2.10639,0.0484501,0,0,0,0,0,0,2.19469,0.106081,-1,0,0,0,0,0,1.0,0,0,0,0,0,1,1,0,0,0,0,0,0,-1,1,0,0,0,1,2,0,0
806,xgboost,abalone_size_4177,20,4177,0,0.1,150,3,0,0,0,0,0,0,0,0,0,0,0,0,2.18458,0.0324761,0,0,0,0,0,0,2.24194,0.113841,-1,0,0,0,0,0,1.0,0,0,0,0,0,1,1,0,0,0,0,0,0,-1,1,0,0,0,1,2,0,0
807,xgboost,abalone_size_4177,20,4177,0,0.3,600,3,0,0,0,0,0,0,0,0,0,0,0,0,2.10106,0.0487702,0,0,0,0,0,0,2.19591,0.119863,-1,0,0,0,0,0,1.0,0,0,0,0,0,1,1,0,0,0,0,0,0,-1,1,0,0,1,1,2,0,0
809,xgboost,abalone_size_4177,20,4177,0,0.1,300,5,0,0,0,0,0,0,0,0,0,0,0,0,2.00901,0.0305973,0,0,0,0,0,0,2.16163,0.119302,-1,0,0,0,0,0,1.0,0,0,0,0,0,1,15,0,0,0,0,0,0,-1,1,0,0,0,1,2,0,0
810,xgboost,abalone_size_4177,20,4177,0,0.2,200,3,0,0,0,0,0,0,0,0,0,0,0,0,2.11086,0.0419864,0,0,0,0,0,0,2.19568,0.128094,-1,0,0,0,0,0,1.0,0,0,0,0,0,1,1,0,0,0,0,0,0,-1,1,0,0,1,1,2,0,0
816,xgboost,abalone_size_4177,20,4177,0,0.1,150,3,0,0,0,0,0,0,0,0,0,0,0,0,2.16116,0.0316979,0,0,0,0,0,0,2.22307,0.11784,-1,0,0,0,0,0,1.0,0,0,0,0,0,1,15,0,0,0,0,0,0,-1,1,0,0,0,1,2,0,0
817,xgboost,abalone_size_4177,20,4177,0,0.3,200,6,0,0,0,0,0,0,0,0,0,0,0,0,2.05411,0.0759554,0,0,0,0,0,0,2.18826,0.114241,-1,0,0,0,0,0,1.0,0,0,0,0,0,1,1,0,0,0,0,0,0,-1,1,0,0,0,1,2,0,0
818,xgboost,abalone_size_4177,20,4177,0,0.3,200,2,0,0,0,0,0,0,0,0,0,0,0,0,2.0488,0.0266239,0,0,0,0,0,0,2.17688,0.124582,-1,0,0,0,0,0,1.0,0,0,0,0,0,1,15,0,0,0,0,0,0,-1,1,0,0,1,1,2,0,0
819,xgboost,abalone_size_4177,20,4177,0,0.3,25,3,0,0,0,0,0,0,0,0,0,0,0,0,2.58993,0.0447137,0,0,0,0,0,0,2.58896,0.104917,-1,0,0,0,0,0,1.0,0,0,0,0,0,1,15,0,0,0,0,0,0,-1,1,0,0,1,1,2,0,0
823,xgboost,abalone_size_4177,20,4177,0,0.2,200,6,0,0,0,0,0,0,0,0,0,0,0,0,1.9989,0.03958,0,0,0,0,0,0,2.16305,0.114129,-1,0,0,0,0,0,1.0,0,0,0,0,0,1,15,0,0,0,0,0,0,-1,1,0,0,1,1,2,0,0
824,xgboost,abalone_size_4177,20,4177,0,0.1,5,6,0,0,0,0,0,0,0,0,0,0,0,0,9.49752,0.0244303,0,0,0,0,0,0,9.49709,0.0972284,-1,0,0,0,0,0,1.0,0,0,0,0,0,1,1,0,0,0,0,0,0,-1,1,0,0,1,1,2,0,0
831,xgboost,abalone_size_4177,20,4177,0,0.2,600,2,0,0,0,0,0,0,0,0,0,0,0,0,2.13432,0.0445607,0,0,0,0,0,0,2.20279,0.117427,-1,0,0,0,0,0,1.0,0,0,0,0,0,1,1,0,0,0,0,0,0,-1,1,0,0,1,1,2,0,0
832,xgboost,abalone_size_4177,20,4177,0,0.3,300,5,0,0,0,0,0,0,0,0,0,0,0,0,2.05445,0.0778749,0,0,0,0,0,0,2.19132,0.115145,-1,0,0,0,0,0,1.0,0,0,0,0,0,1,1,0,0,0,0,0,0,-1,1,0,0,0,1,2,0,0
833,xgboost,abalone_size_4177,20,4177,0,0.1,25,3,0,0,0,0,0,0,0,0,0,0,0,0,5.89349,0.0282874,0,0,0,0,0,0,5.89253,0.111986,-1,0,0,0,0,0,1.0,0,0,0,0,0,1,1,0,0,0,0,0,0,-1,1,0,0,0,1,2,0,0
834,xgboost,abalone_size_4177,20,4177,0,0.2,5,3,0,0,0,0,0,0,0,0,0,0,0,0,8.56362,0.0251841,0,0,0,0,0,0,8.5631,0.100144,-1,0,0,0,0,0,1.0,0,0,0,0,0,1,15,0,0,0,0,0,0,-1,1,0,0,1,1,2,0,0
836,xgboost,abalone_size_4177,20,4177,0,0.3,25,6,0,0,0,0,0,0,0,0,0,0,0,0,2.58411,0.0422583,0,0,0,0,0,0,2.59085,0.105507,-1,0,0,0,0,0,1.0,0,0,0,0,0,1,15,0,0,0,0,0,0,-1,1,0,0,1,1,2,0,0
837,xgboost,abalone_size_4177,20,4177,0,0.2,100,3,0,0,0,0,0,0,0,0,0,0,0,0,2.13109,0.0337041,0,0,0,0,0,0,2.20418,0.120282,-1,0,0,0,0,0,1.0,0,0,0,0,0,1,1,0,0,0,0,0,0,-1,1,0,0,1,1,2,0,0
838,xgboost,abalone_size_4177,20,4177,0,0.2,10,6,0,0,0,0,0,0,0,0,0,0,0,0,6.75283,0.0271003,0,0,0,0,0,0,6.75206,0.107492,-1,0,0,0,0,0,1.0,0,0,0,0,0,1,15,0,0,0,0,0,0,-1,1,0,0,0,1,2,0,0
839,xgboost,abalone_size_4177,20,4177,0,0.2,10,2,0,0,0,0,0,0,0,0,0,0,0,0,6.75283,0.0271003,0,0,0,0,0,0,6.75206,0.107492,-1,0,0,0,0,0,1.0,0,0,0,0,0,1,1,0,0,0,0,0,0,-1,1,0,0,0,1,2,0,0
840,xgboost,abalone_size_4177,20,4177,0,0.2,150,3,0,0,0,0,0,0,0,0,0,0,0,0,2.12569,0.0482594,0,0,0,0,0,0,2.20295,0.116722,-1,0,0,0,0,0,1.0,0,0,0,0,0,1,1,0,0,0,0,0,0,-1,1,0,0,0,1,2,0,0
841,xgboost,abalone_size_4177,20,4177,0,0.2,200,2,0,0,0,0,0,0,0,0,0,0,0,0,2.0649,0.0266832,0,0,0,0,0,0,2.17571,0.124285,-1,0,0,0,0,0,1.0,0,0,0,0,0,1,15,0,0,0,0,0,0,-1,1,0,0,1,1,2,0,0
843,xgboost,abalone_size_4177,20,4177,0,0.2,600,3,0,0,0,0,0,0,0,0,0,0,0,0,2.0193,0.0374573,0,0,0,0,0,0,2.1666,0.121844,-1,0,0,0,0,0,1.0,0,0,0,0,0,1,15,0,0,0,0,0,0,-1,1,0,0,0,1,2,0,0
846,xgboost,abalone_size_4177,20,4177,0,0.1,200,6,0,0,0,0,0,0,0,0,0,0,0,0,2.09254,0.0415067,0,0,0,0,0,0,2.19025,0.109184,-1,0,0,0,0,0,1.0,0,0,0,0,0,1,1,0,0,0,0,0,0,-1,1,0,0,0,1,2,0,0
847,xgboost,abalone_size_4177,20,4177,0,0.1,10,6,0,0,0,0,0,0,0,0,0,0,0,0,8.56362,0.0251841,0,0,0,0,0,0,8.5631,0.100144,-1,0,0,0,0,0,1.0,0,0,0,0,0,1,15,0,0,0,0,0,0,-1,1,0,0,0,1,2,0,0
848,xgboost,abalone_size_4177,20,4177,0,0.2,400,2,0,0,0,0,0,0,0,0,0,0,0,0,2.13613,0.0494594,0,0,0,0,0,0,2.20948,0.113302,-1,0,0,0,0,0,1.0,0,0,0,0,0,1,1,0,0,0,0,0,0,-1,1,0,0,0,1,2,0,0
849,xgboost,abalone_size_4177,20,4177,0,0.2,200,5,0,0,0,0,0,0,0,0,0,0,0,0,1.99616,0.0392611,0,0,0,0,0,0,2.15949,0.116868,-1,0,0,0,0,0,1.0,0,0,0,0,0,1,15,0,0,0,0,0,0,-1,1,0,0,0,1,2,0,0
850,xgboost,abalone_size_4177,20,4177,0,0.3,600,5,0,0,0,0,0,0,0,0,0,0,0,0,1.94428,0.0759456,0,0,0,0,0,0,2.17619,0.118989,-1,0,0,0,0,0,1.0,0,0,0,0,0,1,15,0,0,0,0,0,0,-1,1,0,0,0,1,2,0,0
851,xgboost,abalone_size_4177,20,4177,0,0.3,600,2,0,0,0,0,0,0,0,0,0,0,0,0,2.02059,0.031233,0,0,0,0,0,0,2.16672,0.124686,-1,0,0,0,0,0,1.0,0,0,0,0,0,1,15,0,0,0,0,0,0,-1,1,0,0,0,1,2,0,0
853,xgboost,abalone_size_4177,20,4177,0,0.2,300,6,0,0,0,0,0,0,0,0,0,0,0,0,2.08141,0.0441421,0,0,0,0,0,0,2.18445,0.112646,-1,0,0,0,0,0,1.0,0,0,0,0,0,1,1,0,0,0,0,0,0,-1,1,0,0,1,1,2,0,0
854,xgboost,abalone_size_4177,20,4177,0,0.1,10,2,0,0,0,0,0,0,0,0,0,0,0,0,8.56362,0.0251841,0,0,0,0,0,0,8.5631,0.100144,-1,0,0,0,0,0,1.0,0,0,0,0,0,1,15,0,0,0,0,0,0,-1,1,0,0,1,1,2,0,0
855,xgboost,abalone_size_4177,20,4177,0,0.1,100,5,0,0,0,0,0,0,0,0,0,0,0,0,2.30263,0.0515146,0,0,0,0,0,0,2.33705,0.0958553,-1,0,0,0,0,0,1.0,0,0,0,0,0,1,1,0,0,0,0,0,0,-1,1,0,0,0,1,2,0,0
859,xgboost,abalone_size_4177,20,4177,0,0.1,25,6,0,0,0,0,0,0,0,0,0,0,0,0,5.89349,0.0282874,0,0,0,0,0,0,5.89253,0.111986,-1,0,0,0,0,0,1.0,0,0,0,0,0,1,1,0,0,0,0,0,0,-1,1,0,0,1,1,2,0,0
861,xgboost,abalone_size_4177,20,4177,0,0.3,10,6,0,0,0,0,0,0,0,0,0,0,0,0,5.08584,0.0295832,0,0,0,0,0,0,5.08463,0.116817,-1,0,0,0,0,0,1.0,0,0,0,0,0,1,1,0,0,0,0,0,0,-1,1,0,0,0,1,2,0,0
864,xgboost,abalone_size_4177,20,4177,0,0.2,25,2,0,0,0,0,0,0,0,0,0,0,0,0,3.05299,0.0288216,0,0,0,0,0,0,3.05089,0.124693,-1,0,0,0,0,0,1.0,0,0,0,0,0,1,15,0,0,0,0,0,0,-1,1,0,0,0,1,2,0,0
865,xgboost,abalone_size_4177,20,4177,0,0.2,150,2,0,0,0,0,0,0,0,0,0,0,0,0,2.08452,0.0277013,0,0,0,0,0,0,2.17954,0.123062,-1,0,0,0,0,0,1.0,0,0,0,0,0,1,15,0,0,0,0,0,0,-1,1,0,0,0,1,2,0,0
867,xgboost,abalone_size_4177,20,4177,0,0.1,200,5,0,0,0,0,0,0,0,0,0,0,0,0,2.1038,0.0422376,0,0,0,0,0,0,2.19316,0.110066,-1,0,0,0,0,0,1.0,0,0,0,0,0,1,1,0,0,0,0,0,0,-1,1,0,0,1,1,2,0,0
868,xgboost,abalone_size_4177,20,4177,0,0.2,5,6,0,0,0,0,0,0,0,0,0,0,0,0,8.56362,0.0251841,0,0,0,0,0,0,8.5631,0.100144,-1,0,0,0,0,0,1.0,0,0,0,0,0,1,1,0,0,0,0,0,0,-1,1,0,0,1,1,2,0,0
871,xgboost,abalone_size_4177,20,4177,0,0.3,200,2,0,0,0,0,0,0,0,0,0,0,0,0,2.127,0.0519985,0,0,0,0,0,0,2.20712,0.1052,-1,0,0,0,0,0,1.0,0,0,0,0,0,1,1,0,0,0,0,0,0,-1,1,0,0,1,1,2,0,0
873,xgboost,abalone_size_4177,20,4177,0,0.1,100,5,0,0,0,0,0,0,0,0,0,0,0,0,2.29039,0.0336564,0,0,0,0,0,0,2.32811,0.109177,-1,0,0,0,0,0,1.0,0,0,0,0,0,1,15,0,0,0,0,0,0,-1,1,0,0,1,1,2,0,0
874,xgboost,abalone_size_4177,20,4177,0,0.1,600,6,0,0,0,0,0,0,0,0,0,0,0,0,1.99991,0.0481175,0,0,0,0,0,0,2.16477,0.117531,-1,0,0,0,0,0,1.0,0,0,0,0,0,1,15,0,0,0,0,0,0,-1,1,0,0,1,1,2,0,0
878,xgboost,abalone_size_4177,20,4177,0,0.3,100,3,0,0,0,0,0,0,0,0,0,0,0,0,2.05622,0.0245165,0,0,0,0,0,0,2.17041,0.122623,-1,0,0,0,0,0,1.0,0,0,0,0,0,1,15,0,0,0,0,0,0,-1,1,0,0,1,1,2,0,0
880,xgboost,abalone_size_4177,20,4177,0,0.2,100,6,0,0,0,0,0,0,0,0,0,0,0,0,2.05134,0.0332943,0,0,0,0,0,0,2.16962,0.119664,-1,0,0,0,0,0,1.0,0,0,0,0,0,1,15,0,0,0,0,0,0,-1,1,0,0,1,1,2,0,0
882,xgboost,abalone_size_4177,20,4177,0,0.3,300,6,0,0,0,0,0,0,0,0,0,0,0,0,1.92913,0.064573,0,0,0,0,0,0,2.17363,0.107437,-1,0,0,0,0,0,1.0,0,0,0,0,0,1,15,0,0,0,0,0,0,-1,1,0,0,0,1,2,0,0
883,xgboost,abalone_size_4177,20,4177,0,0.2,400,5,0,0,0,0,0,0,0,0,0,0,0,0,2.0989,0.0502406,0,0,0,0,0,0,2.19101,0.111996,-1,0,0,0,0,0,1.0,0,0,0,0,0,1,1,0,0,0,0,0,0,-1,1,0,0,1,1,2,0,0
885,xgboost,abalone_size_4177,20,4177,0,0.3,400,2,0,0,0,0,0,0,0,0,0,0,0,0,2.12602,0.0542781,0,0,0,0,0,0,2.20381,0.109984,-1,0,0,0,0,0,1.0,0,0,0,0,0,1,1,0,0,0,0,0,0,-1,1,0,0,0,1,2,0,0
886,xgboost,abalone_size_4177,20,4177,0,0.1,200,2,0,0,0,0,0,0,0,0,0,0,0,0,2.16932,0.0317036,0,0,0,0,0,0,2.22777,0.120847,-1,0,0,0,0,0,1.0,0,0,0,0,0,1,15,0,0,0,0,0,0,-1,1,0,0,0,1,2,0,0
889,xgboost,abalone_size_4177,20,4177,0,0.1,5,5,0,0,0,0,0,0,0,0,0,0,0,0,9.49752,0.0244303,0,0,0,0,0,0,9.49709,0.0972284,-1,0,0,0,0,0,1.0,0,0,0,0,0,1,15,0,0,0,0,0,0,-1,1,0,0,1,1,2,0,0
891,xgboost,abalone_size_4177,20,4177,0,0.3,10,2,0,0,0,0,0,0,0,0,0,0,0,0,5.08584,0.0295832,0,0,0,0,0,0,5.08463,0.116817,-1,0,0,0,0,0,1.0,0,0,0,0,0,1,1,0,0,0,0,0,0,-1,1,0,0,0,1,2,0,0
892,xgboost,abalone_size_4177,20,4177,0,0.3,400,5,0,0,0,0,0,0,0,0,0,0,0,0,1.96518,0.0519645,0,0,0,0,0,0,2.17602,0.111991,-1,0,0,0,0,0,1.0,0,0,0,0,0,1,15,0,0,0,0,0,0,-1,1,0,0,0,1,2,0,0
893,xgboost,abalone_size_4177,20,4177,0,0.1,200,5,0,0,0,0,0,0,0,0,0,0,0,0,2.06648,0.0303729,0,0,0,0,0,0,2.17745,0.1178,-1,0,0,0,0,0,1.0,0,0,0,0,0,1,15,0,0,0,0,0,0,-1,1,0,0,1,1,2,0,0
898,xgboost,abalone_size_4177,20,4177,0,0.3,300,3,0,0,0,0,0,0,0,0,0,0,0,0,2.09924,0.0484293,0,0,0,0,0,0,2.18957,0.113457,-1,0,0,0,0,0,1.0,0,0,0,0,0,1,1,0,0,0,0,0,0,-1,1,0,0,1,1,2,0,0
899,xgboost,abalone_size_4177,20,4177,0,0.2,150,6,0,0,0,0,0,0,0,0,0,0,0,0,2.04604,0.0527346,0,0,0,0,0,0,2.17811,0.115798,-1,0,0,0,0,0,1.0,0,0,0,0,0,1,1,0,0,0,0,0,0,-1,1,0,0,1,1,2,0,0
900,xgboost,abalone_size_4177,20,4177,0,0.3,600,5,0,0,0,0,0,0,0,0,0,0,0,0,2.09144,0.0573156,0,0,0,0,0,0,2.19627,0.116668,-1,0,0,0,0,0,1.0,0,0,0,0,0,1,1,0,0,0,0,0,0,-1,1,0,0,0,1,2,0,0
904,xgboost,abalone_size_4177,20,4177,0,0.3,25,6,0,0,0,0,0,0,0,0,0,0,0,0,2.56037,0.0431839,0,0,0,0,0,0,2.56934,0.112138,-1,0,0,0,0,0,1.0,0,0,0,0,0,1,15,0,0,0,0,0,0,-1,1,0,0,0,1,2,0,0
908,xgboost,abalone_size_4177,20,4177,0,0.3,10,6,0,0,0,0,0,0,0,0,0,0,0,0,5.08584,0.0295832,0,0,0,0,0,0,5.08463,0.116817,-1,0,0,0,0,0,1.0,0,0,0,0,0,1,1,0,0,0,0,0,0,-1,1,0,0,1,1,2,0,0
909,xgboost,abalone_size_4177,20,4177,0,0.1,600,5,0,0,0,0,0,0,0,0,0,0,0,0,2.01021,0.0379405,0,0,0,0,0,0,2.16608,0.119017,-1,0,0,0,0,0,1.0,0,0,0,0,0,1,15,0,0,0,0,0,0,-1,1,0,0,1,1,2,0,0
910,xgboost,abalone_size_4177,20,4177,0,0.1,100,2,0,0,0,0,0,0,0,0,0,0,0,0,2.4495,0.032022,0,0,0,0,0,0,2.47399,0.106113,-1,0,0,0,0,0,1.0,0,0,0,0,0,1,1,0,0,0,0,0,0,-1,1,0,0,0,1,2,0,0
912,xgboost,abalone_size_4177,20,4177,0,0.1,25,5,0,0,0,0,0,0,0,0,0,0,0,0,5.89349,0.0282874,0,0,0,0,0,0,5.89253,0.111986,-1,0,0,0,0,0,1.0,0,0,0,0,0,1,15,0,0,0,0,0,0,-1,1,0,0,1,1,2,0,0
913,xgboost,abalone_size_4177,20,4177,0,0.1,200,2,0,0,0,0,0,0,0,0,0,0,0,0,2.18707,0.0339676,0,0,0,0,0,0,2.24354,0.119047,-1,0,0,0,0,0,1.0,0,0,0,0,0,1,15,0,0,0,0,0,0,-1,1,0,0,1,1,2,0,0
918,xgboost,abalone_size_4177,20,4177,0,0.3,300,2,0,0,0,0,0,0,0,0,0,0,0,0,2.04332,0.0295194,0,0,0,0,0,0,2.17162,0.126948,-1,0,0,0,0,0,1.0,0,0,0,0,0,1,15,0,0,0,0,0,0,-1,1,0,0,1,1,2,0,0
923,xgboost,abalone_size_4177,20,4177,0,0.3,400,2,0,0,0,0,0,0,0,0,0,0,0,0,2.11975,0.0452402,0,0,0,0,0,0,2.20497,0.11659,-1,0,0,0,0,0,1.0,0,0,0,0,0,1,1,0,0,0,0,0,0,-1,1,0,0,1,1,2,0,0
924,xgboost,abalone_size_4177,20,4177,0,0.3,100,6,0,0,0,0,0,0,0,0,0,0,0,0,1.98565,0.0354612,0,0,0,0,0,0,2.16814,0.115915,-1,0,0,0,0,0,1.0,0,0,0,0,0,1,15,0,0,0,0,0,0,-1,1,0,0,0,1,2,0,0
925,xgboost,abalone_size_4177,20,4177,0,0.1,5,2,0,0,0,0,0,0,0,0,0,0,0,0,9.49752,0.0244303,0,0,0,0,0,0,9.49709,0.0972284,-1,0,0,0,0,0,1.0,0,0,0,0,0,1,1,0,0,0,0,0,0,-1,1,0,0,0,1,2,0,0
926,xgboost,abalone_size_4177,20,4177,0,0.1,100,2,0,0,0,0,0,0,0,0,0,0,0,0,2.44829,0.0320845,0,0,0,0,0,0,2.47085,0.104596,-1,0,0,0,0,0,1.0,0,0,0,0,0,1,1,0,0,0,0,0,0,-1,1,0,0,1,1,2,0,0
928,xgboost,abalone_size_4177,20,4177,0,0.2,100,2,0,0,0,0,0,0,0,0,0,0,0,0,2.1797,0.030175,0,0,0,0,0,0,2.23682,0.116933,-1,0,0,0,0,0,1.0,0,0,0,0,0,1,1,0,0,0,0,0,0,-1,1,0,0,0,1,2,0,0
931,xgboost,abalone_size_4177,20,4177,0,0.2,25,3,0,0,0,0,0,0,0,0,0,0,0,0,3.03591,0.0303141,0,0,0,0,0,0,3.03327,0.129362,-1,0,0,0,0,0,1.0,0,0,0,0,0,1,15,0,0,0,0,0,0,-1,1,0,0,0,1,2,0,0
932,xgboost,abalone_size_4177,20,4177,0,0.3,150,5,0,0,0,0,0,0,0,0,0,0,0,0,1.9877,0.0428952,0,0,0,0,0,0,2.16494,0.113275,-1,0,0,0,0,0,1.0,0,0,0,0,0,1,15,0,0,0,0,0,0,-1,1,0,0,1,1,2,0,0
934,xgboost,abalone_size_4177,20,4177,0,0.3,400,3,0,0,0,0,0,0,0,0,0,0,0,0,2.00382,0.0529374,0,0,0,0,0,0,2.17083,0.11792,-1,0,0,0,0,0,1.0,0,0,0,0,0,1,15,0,0,0,0,0,0,-1,1,0,0,0,1,2,0,0
937,xgboost,abalone_size_4177,20,4177,0,0.3,50,3,0,0,0,0,0,0,0,0,0,0,0,0,2.17236,0.030166,0,0,0,0,0,0,2.23342,0.115254,-1,0,0,0,0,0,1.0,0,0,0,0,0,1,15,0,0,0,0,0,0,-1,1,0,0,0,1,2,0,0
940,xgboost,abalone_size_4177,20,4177,0,0.3,600,6,0,0,0,0,0,0,0,0,0,0,0,0,2.07866,0.0426281,0,0,0,0,0,0,2.18775,0.120133,-1,0,0,0,0,0,1.0,0,0,0,0,0,1,1,0,0,0,0,0,0,-1,1,0,0,1,1,2,0,0
943,xgboost,abalone_size_4177,20,4177,0,0.2,200,5,0,0,0,0,0,0,0,0,0,0,0,0,2.09436,0.0535003,0,0,0,0,0,0,2.18615,0.112526,-1,0,0,0,0,0,1.0,0,0,0,0,0,1,1,0,0,0,0,0,0,-1,1,0,0,1,1,2,0,0
946,xgboost,abalone_size_4177,20,4177,0,0.2,5,6,0,0,0,0,0,0,0,0,0,0,0,0,8.56362,0.0251841,0,0,0,0,0,0,8.5631,0.100144,-1,0,0,0,0,0,1.0,0,0,0,0,0,1,15,0,0,0,0,0,0,-1,1,0,0,0,1,2,0,0
947,xgboost,abalone_size_4177,20,4177,0,0.1,10,3,0,0,0,0,0,0,0,0,0,0,0,0,8.56362,0.0251841,0,0,0,0,0,0,8.5631,0.100144,-1,0,0,0,0,0,1.0,0,0,0,0,0,1,1,0,0,0,0,0,0,-1,1,0,0,1,1,2,0,0
948,xgboost,abalone_size_4177,20,4177,0,0.2,150,6,0,0,0,0,0,0,0,0,0,0,0,0,1.98253,0.0356368,0,0,0,0,0,0,2.16308,0.112738,-1,0,0,0,0,0,1.0,0,0,0,0,0,1,15,0,0,0,0,0,0,-1,1,0,0,0,1,2,0,0
951,xgboost,abalone_size_4177,20,4177,0,0.2,5,3,0,0,0,0,0,0,0,0,0,0,0,0,8.56362,0.0251841,0,0,0,0,0,0,8.5631,0.100144,-1,0,0,0,0,0,1.0,0,0,0,0,0,1,1,0,0,0,0,0,0,-1,1,0,0,0,1,2,0,0
952,xgboost,abalone_size_4177,20,4177,0,0.3,25,5,0,0,0,0,0,0,0,0,0,0,0,0,2.58192,0.0459713,0,0,0,0,0,0,2.58588,0.107541,-1,0,0,0,0,0,1.0,0,0,0,0,0,1,15,0,0,0,0,0,0,-1,1,0,0,1,1,2,0,0
953,xgboost,abalone_size_4177,20,4177,0,0.1,100,2,0,0,0,0,0,0,0,0,0,0,0,0,2.44514,0.0359198,0,0,0,0,0,0,2.46699,0.105272,-1,0,0,0,0,0,1.0,0,0,0,0,0,1,15,0,0,0,0,0,0,-1,1,0,0,1,1,2,0,0
955,xgboost,abalone_size_4177,20,4177,0,0.3,10,5,0,0,0,0,0,0,0,0,0,0,0,0,5.08584,0.0295832,0,0,0,0,0,0,5.08463,0.116817,-1,0,0,0,0,0,1.0,0,0,0,0,0,1,15,0,0,0,0,0,0,-1,1,0,0,1,1,2,0,0
956,xgboost,abalone_size_4177,20,4177,0,0.1,500,3,0,0,0,0,0,0,0,0,0,0,0,0,2.03168,0.0360777,0,0,0,0,0,0,2.16539,0.121144,-1,0,0,0,0,0,1.0,0,0,0,0,0,1,15,0,0,0,0,0,0,-1,1,0,0,1,1,2,0,0
958,xgboost,abalone_size_4177,20,4177,0,0.3,600,5,0,0,0,0,0,0,0,0,0,0,0,0,2.0596,0.084819,0,0,0,0,0,0,2.1893,0.112576,-1,0,0,0,0,0,1.0,0,0,0,0,0,1,1,0,0,0,0,0,0,-1,1,0,0,1,1,2,0,0
960,xgboost,abalone_size_4177,20,4177,0,0.2,300,3,0,0,0,0,0,0,0,0,0,0,0,0,2.01755,0.0275728,0,0,0,0,0,0,2.16284,0.119768,-1,0,0,0,0,0,1.0,0,0,0,0,0,1,15,0,0,0,0,0,0,-1,1,0,0,0,1,2,0,0
961,xgboost,abalone_size_4177,20,4177,0,0.3,300,5,0,0,0,0,0,0,0,0,0,0,0,0,2.07819,0.0669796,0,0,0,0,0,0,2.19012,0.112914,-1,0,0,0,0,0,1.0,0,0,0,0,0,1,1,0,0,0,0,0,0,-1,1,0,0,1,1,2,0,0
966,xgboost,abalone_size_4177,20,4177,0,0.2,400,6,0,0,0,0,0,0,0,0,0,0,0,0,1.96247,0.0721687,0,0,0,0,0,0,2.172,0.114698,-1,0,0,0,0,0,1.0,0,0,0,0,0,1,15,0,0,0,0,0,0,-1,1,0,0,0,1,2,0,0
967,xgboost,abalone_size_4177,20,4177,0,0.3,150,2,0,0,0,0,0,0,0,0,0,0,0,0,2.05646,0.0253782,0,0,0,0,0,0,2.1751,0.126613,-1,0,0,0,0,0,1.0,0,0,0,0,0,1,15,0,0,0,0,0,0,-1,1,0,0,1,1,2,0,0
968,xgboost,abalone_size_4177,20,4177,0,0.1,5,2,0,0,0,0,0,0,0,0,0,0,0,0,9.49752,0.0244303,0,0,0,0,0,0,9.49709,0.0972284,-1,0,0,0,0,0,1.0,0,0,0,0,0,1,15,0,0,0,0,0,0,-1,1,0,0,0,1,2,0,0
969,xgboost,abalone_size_4177,20,4177,0,0.2,500,6,0,0,0,0,0,0,0,0,0,0,0,0,1.93675,0.0674084,0,0,0,0,0,0,2.17329,0.111971,-1,0,0,0,0,0,1.0,0,0,0,0,0,1,15,0,0,0,0,0,0,-1,1,0,0,0,1,2,0,0
971,xgboost,abalone_size_4177,20,4177,0,0.2,25,2,0,0,0,0,0,0,0,0,0,0,0,0,3.05308,0.0288323,0,0,0,0,0,0,3.05116,0.124994,-1,0,0,0,0,0,1.0,0,0,0,0,0,1,1,0,0,0,0,0,0,-1,1,0,0,1,1,2,0,0
972,xgboost,abalone_size_4177,20,4177,0,0.2,10,3,0,0,0,0,0,0,0,0,0,0,0,0,6.75283,0.0271003,0,0,0,0,0,0,6.75206,0.107492,-1,0,0,0,0,0,1.0,0,0,0,0,0,1,1,0,0,0,0,0,0,-1,1,0,0,1,1,2,0,0
975,xgboost,abalone_size_4177,20,4177,0,0.1,50,2,0,0,0,0,0,0,0,0,0,0,0,0,3.06295,0.0260399,0,0,0,0,0,0,3.06134,0.128427,-1,0,0,0,0,0,1.0,0,0,0,0,0,1,1,0,0,0,0,0,0,-1,1,0,0,0,1,2,0,0
976,xgboost,abalone_size_4177,20,4177,0,0.3,600,3,0,0,0,0,0,0,0,0,0,0,0,0,2.01513,0.0337382,0,0,0,0,0,0,2.16648,0.117078,-1,0,0,0,0,0,1.0,0,0,0,0,0,1,15,0,0,0,0,0,0,-1,1,0,0,1,1,2,0,0
977,xgboost,abalone_size_4177,20,4177,0,0.1,25,6,0,0,0,0,0,0,0,0,0,0,0,0,5.89349,0.0282874,0,0,0,0,0,0,5.89253,0.111986,-1,0,0,0,0,0,1.0,0,0,0,0,0,1,15,0,0,0,0,0,0,-1,1,0,0,0,1,2,0,0
981,xgboost,abalone_size_4177,20,4177,0,0.1,10,6,0,0,0,0,0,0,0,0,0,0,0,0,8.56362,0.0251841,0,0,0,0,0,0,8.5631,0.100144,-1,0,0,0,0,0,1.0,0,0,0,0,0,1,1,0,0,0,0,0,0,-1,1,0,0,1,1,2,0,0
983,xgboost,abalone_size_4177,20,4177,0,0.3,150,6,0,0,0,0,0,0,0,0,0,0,0,0,2.04538,0.0820977,0,0,0,0,0,0,2.18032,0.111675,-1,0,0,0,0,0,1.0,0,0,0,0,0,1,1,0,0,0,0,0,0,-1,1,0,0,1,1,2,0,0
989,xgboost,abalone_size_4177,20,4177,0,0.3,150,3,0,0,0,0,0,0,0,0,0,0,0,0,2.02402,0.0284238,0,0,0,0,0,0,2.16216,0.119307,-1,0,0,0,0,0,1.0,0,0,0,0,0,1,15,0,0,0,0,0,0,-1,1,0,0,1,1,2,0,0
990,xgboost,abalone_size_4177,20,4177,0,0.3,400,5,0,0,0,0,0,0,0,0,0,0,0,0,2.05738,0.088087,0,0,0,0,0,0,2.19131,0.114225,-1,0,0,0,0,0,1.0,0,0,0,0,0,1,1,0,0,0,0,0,0,-1,1,0,0,1,1,2,0,0
995,xgboost,abalone_size_4177,20,4177,0,0.2,500,5,0,0,0,0,0,0,0,0,0,0,0,0,1.98506,0.0579491,0,0,0,0,0,0,2.16478,0.118742,-1,0,0,0,0,0,1.0,0,0,0,0,0,1,15,0,0,0,0,0,0,-1,1,0,0,1,1,2,0,0
997,xgboost,abalone_size_4177,20,4177,0,0.3,5,5,0,0,0,0,0,0,0,0,0,0,0,0,7.64644,0.0260676,0,0,0,0,0,0,7.64582,0.103545,-1,0,0,0,0,0,1.0,0,0,0,0,0,1,1,0,0,0,0,0,0,-1,1,0,0,0,1,2,0,0
998,xgboost,abalone_size_4177,20,4177,0,0.3,150,6,0,0,0,0,0,0,0,0,0,0,0,0,1.95962,0.0430122,0,0,0,0,0,0,2.16714,0.105279,-1,0,0,0,0,0,1.0,0,0,0,0,0,1,15,0,0,0,0,0,0,-1,1,0,0,0,1,2,0,0
999,xgboost,abalone_size_4177,20,4177,0,0.3,200,5,0,0,0,0,0,0,0,0,0,0,0,0,1.93804,0.0591787,0,0,0,0,0,0,2.1658,0.109797,-1,0,0,0,0,0,1.0,0,0,0,0,0,1,15,0,0,0,0,0,0,-1,1,0,0,0,1,2,0,0
1000,xgboost,abalone_size_4177,20,4177,0,0.1,150,6,0,0,0,0,0,0,0,0,0,0,0,0,2.07757,0.0292727,0,0,0,0,0,0,2.18026,0.115571,-1,0,0,0,0,0,1.0,0,0,0,0,0,1,15,0,0,0,0,0,0,-1,1,0,0,0,1,2,0,0
1001,xgboost,abalone_size_4177,20,4177,0,0.3,300,3,0,0,0,0,0,0,0,0,0,0,0,0,2.02402,0.0319478,0,0,0,0,0,0,2.16594,0.12136,-1,0,0,0,0,0,1.0,0,0,0,0,0,1,15,0,0,0,0,0,0,-1,1,0,0,1,1,2,0,0
1002,xgboost,abalone_size_4177,20,4177,0,0.1,25,3,0,0,0,0,0,0,0,0,0,0,0,0,5.89349,0.0282874,0,0,0,0,0,0,5.89253,0.111986,-1,0,0,0,0,0,1.0,0,0,0,0,0,1,15,0,0,0,0,0,0,-1,1,0,0,1,1,2,0,0
1003,xgboost,abalone_size_4177,20,4177,0,0.1,150,6,0,0,0,0,0,0,0,0,0,0,0,0,2.10483,0.0312643,0,0,0,0,0,0,2.19473,0.113323,-1,0,0,0,0,0,1.0,0,0,0,0,0,1,1,0,0,0,0,0,0,-1,1,0,0,0,1,2,0,0
1004,xgboost,abalone_size_4177,20,4177,0,0.2,500,2,0,0,0,0,0,0,0,0,0,0,0,0,2.12713,0.0499144,0,0,0,0,0,0,2.20058,0.116855,-1,0,0,0,0,0,1.0,0,0,0,0,0,1,1,0,0,0,0,0,0,-1,1,0,0,1,1,2,0,0
1005,xgboost,abalone_size_4177,20,4177,0,0.3,100,3,0,0,0,0,0,0,0,0,0,0,0,0,2.03929,0.0303635,0,0,0,0,0,0,2.16996,0.117452,-1,0,0,0,0,0,1.0,0,0,0,0,0,1,15,0,0,0,0,0,0,-1,1,0,0,0,1,2,0,0
1008,xgboost,abalone_size_4177,20,4177,0,0.3,50,3,0,0,0,0,0,0,0,0,0,0,0,0,2.18913,0.0345421,0,0,0,0,0,0,2.2402,0.113557,-1,0,0,0,0,0,1.0,0,0,0,0,0,1,1,0,0,0,0,0,0,-1,1,0,0,0,1,2,0,0
1010,xgboost,abalone_size_4177,20,4177,0,0.2,200,6,0,0,0,0,0,0,0,0,0,0,0,0,1.97117,0.0447748,0,0,0,0,0,0,2.16555,0.112352,-1,0,0,0,0,0,1.0,0,0,0,0,0,1,15,0,0,0,0,0,0,-1,1,0,0,0,1,2,0,0
1015,xgboost,abalone_size_4177,20,4177,0,0.1,500,2,0,0,0,0,0,0,0,0,0,0,0,0,2.05438,0.0254026,0,0,0,0,0,0,2.17205,0.123531,-1,0,0,0,0,0,1.0,0,0,0,0,0,1,15,0,0,0,0,0,0,-1,1,0,0,1,1,2,0,0
1016,xgboost,abalone_size_4177,20,4177,0,0.1,500,5,0,0,0,0,0,0,0,0,0,0,0,0,2.08774,0.052309,0,0,0,0,0,0,2.18823,0.116281,-1,0,0,0,0,0,1.0,0,0,0,0,0,1,1,0,0,0,0,0,0,-1,1,0,0,0,1,2,0,0
1018,xgboost,abalone_size_4177,20,4177,0,0.1,25,2,0,0,0,0,0,0,0,0,0,0,0,0,5.89349,0.0282874,0,0,0,0,0,0,5.89253,0.111986,-1,0,0,0,0,0,1.0,0,0,0,0,0,1,15,0,0,0,0,0,0,-1,1,0,0,0,1,2,0,0
1019,xgboost,abalone_size_4177,20,4177,0,0.3,600,5,0,0,0,0,0,0,0,0,0,0,0,0,1.95584,0.0576893,0,0,0,0,0,0,2.1694,0.111922,-1,0,0,0,0,0,1.0,0,0,0,0,0,1,15,0,0,0,0,0,0,-1,1,0,0,1,1,2,0,0
1020,xgboost,abalone_size_4177,20,4177,0,0.1,100,3,0,0,0,0,0,0,0,0,0,0,0,0,2.36152,0.0315272,0,0,0,0,0,0,2.38706,0.107572,-1,0,0,0,0,0,1.0,0,0,0,0,0,1,15,0,0,0,0,0,0,-1,1,0,0,1,1,2,0,0
1021,xgboost,abalone_size_4177,20,4177,0,0.2,100,6,0,0,0,0,0,0,0,0,0,0,0,0,2.07727,0.0447535,0,0,0,0,0,0,2.18086,0.113166,-1,0,0,0,0,0,1.0,0,0,0,0,0,1,1,0,0,0,0,0,0,-1,1,0,0,1,1,2,0,0
1024,xgboost,abalone_size_4177,20,4177,0,0.1,300,6,0,0,0,0,0,0,0,0,0,0,0,0,2.09327,0.050837,0,0,0,0,0,0,2.18935,0.106458,-1,0,0,0,0,0,1.0,0,0,0,0,0,1,1,0,0,0,0,0,0,-1,1,0,0,0,1,2,0,0
1025,xgboost,abalone_size_4177,20,4177,0,0.3,400,6,0,0,0,0,0,0,0,0,0,0,0,0,1.9551,0.0698163,0,0,0,0,0,0,2.16566,0.107567,-1,0,0,0,0,0,1.0,0,0,0,0,0,1,15,0,0,0,0,0,0,-1,1,0,0,1,1,2,0,0
1027,xgboost,abalone_size_4177,20,4177,0,0.2,5,6,0,0,0,0,0,0,0,0,0,0,0,0,8.56362,0.0251841,0,0,0,0,0,0,8.5631,0.100144,-1,0,0,0,0,0,1.0,0,0,0,0,0,1,1,0,0,0,0,0,0,-1,1,0,0,0,1,2,0,0
1029,xgboost,abalone_size_4177,20,4177,0,0.1,500,5,0,0,0,0,0,0,0,0,0,0,0,0,2.10314,0.046885,0,0,0,0,0,0,2.1941,0.107375,-1,0,0,0,0,0,1.0,0,0,0,0,0,1,1,0,0,0,0,0,0,-1,1,0,0,1,1,2,0,0
1030,xgboost,abalone_size_4177,20,4177,0,0.3,25,6,0,0,0,0,0,0,0,0,0,0,0,0,2.58145,0.0486372,0,0,0,0,0,0,2.5892,0.107478,-1,0,0,0,0,0,1.0,0,0,0,0,0,1,1,0,0,0,0,0,0,-1,1,0,0,0,1,2,0,0
1031,xgboost,abalone_size_4177,20,4177,0,0.2,150,3,0,0,0,0,0,0,0,0,0,0,0,0,2.03583,0.0243902,0,0,0,0,0,0,2.16786,0.122966,-1,0,0,0,0,0,1.0,0,0,0,0,0,1,15,0,0,0,0,0,0,-1,1,0,0,0,1,2,0,0
1032,xgboost,abalone_size_4177,20,4177,0,0.3,600,6,0,0,0,0,0,0,0,0,0,0,0,0,1.93068,0.069194,0,0,0,0,0,0,2.1715,0.11359,-1,0,0,0,0,0,1.0,0,0,0,0,0,1,15,0,0,0,0,0,0,-1,1,0,0,1,1,2,0,0
1034,xgboost,abalone_size_4177,20,4177,0,0.2,400,2,0,0,0,0,0,0,0,0,0,0,0,0,2.03516,0.035128,0,0,0,0,0,0,2.17184,0.127892,-1,0,0,0,0,0,1.0,0,0,0,0,0,1,15,0,0,0,0,0,0,-1,1,0,0,0,1,2,0,0
1035,xgboost,abalone_size_4177,20,4177,0,0.2,10,6,0,0,0,0,0,0,0,0,0,0,0,0,6.75283,0.0271003,0,0,0,0,0,0,6.75206,0.107492,-1,0,0,0,0,0,1.0,0,0,0,0,0,1,15,0,0,0,0,0,0,-1,1,0,0,1,1,2,0,0
1037,xgboost,abalone_size_4177,20,4177,0,0.3,500,3,0,0,0,0,0,0,0,0,0,0,0,0,2.11059,0.0572806,0,0,0,0,0,0,2.1989,0.111398,-1,0,0,0,0,0,1.0,0,0,0,0,0,1,1,0,0,0,0,0,0,-1,1,0,0,1,1,2,0,0
1038,xgboost,abalone_size_4177,20,4177,0,0.1,25,3,0,0,0,0,0,0,0,0,0,0,0,0,5.89349,0.0282874,0,0,0,0,0,0,5.89253,0.111986,-1,0,0,0,0,0,1.0,0,0,0,0,0,1,15,0,0,0,0,0,0,-1,1,0,0,0,1,2,0,0
1039,xgboost,abalone_size_4177,20,4177,0,0.2,150,3,0,0,0,0,0,0,0,0,0,0,0,0,2.11573,0.0509739,0,0,0,0,0,0,2.19606,0.112931,-1,0,0,0,0,0,1.0,0,0,0,0,0,1,1,0,0,0,0,0,0,-1,1,0,0,1,1,2,0,0
1040,xgboost,abalone_size_4177,20,4177,0,0.1,300,2,0,0,0,0,0,0,0,0,0,0,0,0,2.13858,0.0442281,0,0,0,0,0,0,2.21347,0.111423,-1,0,0,0,0,0,1.0,0,0,0,0,0,1,1,0,0,0,0,0,0,-1,1,0,0,0,1,2,0,0
1042,xgboost,abalone_size_4177,20,4177,0,0.3,500,5,0,0,0,0,0,0,0,0,0,0,0,0,1.9681,0.045374,0,0,0,0,0,0,2.16791,0.113786,-1,0,0,0,0,0,1.0,0,0,0,0,0,1,15,0,0,0,0,0,0,-1,1,0,0,0,1,2,0,0
1045,xgboost,abalone_size_4177,20,4177,0,0.1,200,3,0,0,0,0,0,0,0,0,0,0,0,0,2.09801,0.0286913,0,0,0,0,0,0,2.18879,0.121474,-1,0,0,0,0,0,1.0,0,0,0,0,0,1,15,0,0,0,0,0,0,-1,1,0,0,0,1,2,0,0
1048,xgboost,abalone_size_4177,20,4177,0,0.2,600,3,0,0,0,0,0,0,0,0,0,0,0,0,2.01658,0.0500336,0,0,0,0,0,0,2.16422,0.124199,-1,0,0,0,0,0,1.0,0,0,0,0,0,1,15,0,0,0,0,0,0,-1,1,0,0,1,1,2,0,0
1051,xgboost,abalone_size_4177,20,4177,0,0.2,600,2,0,0,0,0,0,0,0,0,0,0,0,0,2.13611,0.0457996,0,0,0,0,0,0,2.20942,0.113005,-1,0,0,0,0,0,1.0,0,0,0,0,0,1,1,0,0,0,0,0,0,-1,1,0,0,0,1,2,0,0
